194317
269612
971482
722126
418818
125260
884169
772221
366630
376244
786635
503600
480143
103186
488530
720540
233355
449830
156833
688515
445161
804268
703170
160972
433297
155235
390843
562737
166779
136140
858564
133717
697642
151581
305974
841749
670453
700311
466421
818159
745022
878456
428892
905522
352192
411495
129438
251844
883467
543180
633231
791160
535644
412720
974108
874522
650428
694788
853694
713002
872105
459710
640392
784159
411200
700818
741676
282724
650767
544129
368335
907375
948173
694368
962163
821424
288022
723521
123146
724885
645164
244656
760638
178774
510716
347210
282606
391471
138177
485505
590110
921507
877390
917687
658105
808128
852468
243246
895852
589476