3515 2973
3728 2760
3881 2525
3641 3213
3659 2963
3895 2855
3563 3260
3697 3304
3544 2936
3606 3056
3721 2804
3995 3312
3727 2930
3506 3462
3862 2561
3891 3173
3524 3234
3708 3313
3886 3124
3673 3105
3508 3143
3568 2602
3775 3287
3707 2781
3705 2564
3579 3011
3845 3345
3800 3236
3952 2635
3943 3116
3865 3422
3699 3085
3700 3701
3930 3103
3936 2601
3923 2578
3700 3702
3692 2517
3788 2872
3806 3494
3847 3032
3954 3318
3614 3440
3584 3416
3982 3394
3839 2771
3984 3365
3676 3291
3937 3046
3628 2897
3635 2975
3701 2961
4000 2970
3826 3170
3988 3166
3911 2980
3554 2782
3808 3072
3660 3049
3664 3146
3977 2743
3848 2884
3953 3458
3942 3084
3805 3401
3996 2977
3825 3227
3932 3128
3853 2864
3683 3256
3830 3396
3928 2767
3629 2610
3981 2895
3875 3388
3710 2656
3783 3475
3778 2995
3832 3095
3978 2682
3944 2628
3574 3354
3885 2939
3731 2609
3668 2537
3678 3034
3577 2951
3817 3465
3669 3361
3666 2874
3561 2960
3873 3169
3815 2990
3803 2559
3906 3319
3567 2581
3599 2928
3926 3054
3851 2646
3745 3284
3779 2955
3964 3477
3698 2805
3715 3292
3850 3067
3518 2597
3680 3209
3547 3378
3781 3426
3538 2840
3999 2852
3681 2964
3890 2903
3965 2648
3842 3022
3717 3352
3938 3044
3553 2513
3572 2933
3946 2869
3951 3161
3948 3373
3704 2576
3536 3162
3796 2627
3656 2988
3763 3102
3633 3370
3622 2522
3593 2887
3894 2909
3925 3275
3509 3083
3615 2882
3816 2540
3729 2519
3757 2529
3934 3020
3884 3317
3646 2927
3713 3452
3645 3399
7200 3601
3960 2653
3864 2806
3858 3075
3512 3241
3786 2695
3620 3308
3905 3003
3624 2699
3784 3019
3653 2588
3610 3152
3657 2590
3854 2504
3922 3484
3734 3113
3549 2668
3974 3214
3827 2721
3594 3347
3945 2558
3744 2632
3823 3134
3990 3265
3807 2926
3900 3197
3846 2921
3760 2693
3975 3409
3899 3024
3874 2904
3829 2803
3797 2593
3578 3207
3644 3360
3685 3474
3534 3285
3605 3144
3880 2935
3961 2779
3684 3387
3665 2614
3706 2741
3920 3446
3712 2730
3581 2659
3818 3179
3732 3473
3889 3438
3551 2818
3735 2949
3983 3405
3840 3337
3516 3346
3789 2521
3767 3119
3883 2889
3837 2728
3674 3245
3759 2813
3871 3111
3535 2527
3741 3198
3748 2858
3876 2622
3569 2934
3993 3430
3618 2833
3689 2943
3933 3136
3892 3203
3521 3191
3769 3018
3972 2915
3682 2660
3794 3086
3611 2718
3639 2794
3766 3243
3709 2631
3716 3104
3910 3246
3630 2793
3604 3468
3696 2847
3607 3356
3616 3217
3863 2747
3824 2906
3719 3079
3700 2665
3691 2563
3879 2594
3903 3305
3702 3045
3723 2932
3918 2825
3693 2562
3650 2947
3814 3068
3592 2585
3772 3296
3651 2875
3979 3153
3545 2556
3927 2876
3612 2616
3867 2800
3989 2674
3740 2965
3868 3269
3756 2600
3804 2551
3560 3325
3950 2520
3694 2629
3737 2746
3642 2574
3687 3467
3755 2573
3768 2655
3855 3359
3625 3114
3503 3487
3658 3447
3843 3058
3555 2768
10 10
3752 2772
3821 3158
3613 2617
3601 2846
3746 3336
3908 3115
3643 3035
3566 3174
3621 3036
3505 3165
3976 2604
3793 2762
3662 3130
3596 3424
3636 3384
3675 2685
3813 2579
3856 2981
3617 3288
3882 3033
3917 3088
3802 2757
3548 2984
3531 2905
3878 2910
3543 3358
3627 3006
3785 3123
3997 2801
3898 3255
3859 3156
3527 2839
3947 2809
3787 3192
3510 3340
3587 2997
3597 3240
3765 3215
3580 3489
3749 2870
3528 2983
3907 2812
3533 2751
3672 3355
3686 3039
3916 3112
3968 2774
3912 2880
3939 2501
3590 3481
3994 2683
3546 3021
3588 2764
3743 2713
3526 2811
3870 2737
3750 2724
3637 3204
3904 2565
3688 3015
3849 3052
3654 3200
3663 2837
3751 2703
3648 3410
3556 2854
3582 2735
3609 3091
3570 3309
3632 3266
3780 3391
3836 3432
3962 3226
3720 2765
3838 2877
3631 2505
3679 2976
3834 3341
3861 2719
3517 3492
3771 3073
3603 2838
3969 3005
3893 2630
3857 3040
3576 3239
3619 3302
3987 2649
3502 2829
3877 2971
7202 3602
3831 2716
3790 3242
3782 2686
3626 3235
3820 2991
3799 3017
3537 3149
3600 3076
3511 2666
3591 2798
3711 3493
3557 2849
3991 3457
3504 3253
3564 3303
3812 3038
3647 3154
3966 3093
3573 2810
3661 2986
3773 2712
3738 3271
3931 3094
3634 3148
3753 3283
3866 2894
3822 2523
3733 3326
3935 2790
3929 2654
3955 2853
3530 2580
3736 3132
3971 3183
3714 3172
3649 3300
3992 2827
3924 2881
3914 2696
3986 3408
3690 3439
3777 2944
3798 3413
3913 3293
3558 3077
3764 3299
3730 3205
3520 2534
3640 2999
3525 2962
3776 3379
3940 2625
3762 3164
3598 3276
3791 2547
3589 2824
3887 2624
3980 3249
3742 2738
3638 2684
3985 3059
3869 3335
3514 2532
3571 2673
3844 3279
3703 2925
3941 2867
3585 3367
3700 3700
3539 3254
3970 2755
3586 3362
3739 3176
3919 2506
3973 3013
3542 3357
3595 3151
3967 3431
3608 3461
3958 3429
3559 2898
3872 3311
3959 2742
3915 3322
3513 2834
3792 2591
3575 2657
3565 2652
3902 3222
3671 3131
3809 2643
3810 2941
3540 3404
3774 3025
3519 3257
3583 2512
3758 3417
3655 3212
3963 3329
3670 3028
3562 2538
3667 2515
3901 2778
3956 2510
3828 2780
7198 3600
3523 2972
3921 2885
3677 2612
3976 1989
3888 3353
3522 2680
3623 3064
3652 2916
3795 3402
3897 2954
3550 2663
3909 2836
3501 2952
3541 3098
3949 2796
3833 2890
3770 3437
3761 2982
3532 3498
3602 2924
3998 3306
3835 3500
3801 2788
3725 2914
3529 2783
3852 2662
3896 2821
3726 2828
3724 3014
3722 2539
3754 3155
3860 3434
3957 3195
3841 2726
3819 2922