1, 1, 1, 2, 2, 1, 10
2, 4, 0, 2, 13
1, 0, 1, 0, 0, 2, 2, 16
3, 3, 4, 0, 4, 10
0, 2, 1, 3, 2, 1, 3, 15
3, 4, 2, 1, 3, 3, 3, 10
0, 4, 6, 3, 17
7, 6, 2, 18
0, 0, 5, 6, 23
2, 1, 4, 0, 5, 5, 4, 16
4, 5, 1, 3, 6, 1, 18
5, 4, 0, 1, 2, 2, 3, 24
8, 6, 5, 23
11, 0, 2, 30
5, 5, 0, 1, 1, 2, 33
1, 5, 4, 0, 1, 6, 0, 0, 33
3, 1, 2, 8, 5, 33
2, 0, 9, 1, 2, 9, 32
14, 1, 6, 10, 27
10, 14, 17, 19
8, 7, 1, 3, 8, 2, 33
5, 8, 6, 8, 5, 3, 1, 8, 21
7, 11, 2, 10, 2, 37
5, 5, 2, 10, 2, 10, 1, 36
0, 1, 3, 4, 6, 1, 6, 5, 46
12, 17, 14, 10, 23
6, 2, 3, 4, 10, 13, 40
9, 16, 21, 33
13, 0, 17, 51
15, 9, 21, 37
4, 3, 10, 15, 2, 49
14, 12, 9, 4, 9, 39
5, 0, 6, 9, 1, 9, 6, 52
13, 12, 15, 1, 3, 48
31, 7, 8, 50
20, 17, 0, 1, 19, 43
16, 12, 7, 0, 11, 4, 52
6, 9, 8, 81
19, 5, 18, 18, 20, 28
11, 2, 17, 7, 2, 2, 71
15, 13, 16, 11, 7, 9, 15, 30
5, 16, 14, 11, 12, 6, 8, 46
3, 12, 3, 5, 10, 7, 17, 62
14, 7, 2, 10, 87
1, 13, 0, 5, 10, 6, 6, 12, 69
1, 14, 0, 6, 2, 14, 15, 3, 68
7, 4, 16, 3, 1, 15, 17, 61
9, 11, 6, 4, 96
2, 9, 5, 16, 10, 7, 11, 5, 65
11, 15, 3, 18, 4, 1, 9, 73
4, 17, 11, 10, 3, 16, 11, 10, 56
6, 12, 11, 0, 1, 15, 7, 16, 72
5, 19, 24, 29, 65
29, 36, 26, 55
1, 10, 40, 96
5, 2, 0, 18, 13, 17, 11, 13, 70
20, 32, 6, 95
13, 8, 5, 14, 9, 5, 16, 3, 84
8, 5, 9, 3, 13, 1, 121
5, 0, 16, 21, 14, 1, 8, 98
4, 26, 9, 5, 25, 4, 93
24, 21, 10, 12, 19, 19, 63
24, 17, 9, 2, 24, 21, 1, 74
35, 14, 26, 1, 97
5, 15, 18, 13, 17, 3, 10, 13, 83
0, 8, 1, 1, 15, 10, 6, 6, 134
22, 4, 28, 4, 9, 17, 98
14, 20, 0, 149
55, 60, 21, 49
7, 25, 50, 107
43, 33, 28, 86
4, 20, 16, 5, 19, 0, 130
32, 32, 4, 17, 27, 85
6, 11, 3, 19, 5, 8, 14, 134
22, 57, 6, 118
9, 25, 16, 17, 17, 4, 18, 6, 95
13, 8, 6, 6, 20, 18, 18, 7, 114
11, 15, 18, 25, 35, 107
19, 8, 21, 36, 41, 87
24, 23, 14, 22, 3, 6, 0, 123
13, 17, 13, 15, 13, 147
25, 22, 24, 40, 29, 82
8, 9, 6, 20, 28, 154
30, 10, 7, 11, 11, 1, 18, 140
17, 36, 21, 21, 23, 22, 90
40, 36, 36, 43, 27, 52
18, 19, 0, 29, 0, 5, 6, 22, 136
4, 7, 32, 13, 13, 169
10, 38, 9, 2, 183
4, 15, 20, 0, 4, 200
21, 9, 16, 0, 3, 16, 30, 25, 124
1, 22, 22, 32, 25, 143
38, 49, 22, 34, 30, 73
14, 28, 59, 47, 101
29, 7, 12, 11, 20, 31, 6, 26, 109
3, 12, 31, 2, 8, 197
52, 12, 6, 187
17, 4, 10, 14, 32, 28, 17, 138
6, 5, 22, 19, 35, 3, 13, 158
27, 7, 17, 26, 1, 24, 30, 4, 126
22, 12, 33, 29, 6, 31, 29, 29, 74
12, 31, 32, 10, 6, 32, 11, 14, 120
13, 4, 20, 11, 38, 30, 17, 137
76, 87, 36, 74
61, 48, 21, 147
25, 35, 1, 40, 52, 128
14, 29, 14, 4, 9, 215
12, 9, 50, 8, 31, 179
30, 28, 33, 1, 7, 13, 25, 28, 126
54, 65, 73, 103
10, 3, 30, 33, 30, 4, 6, 11, 172
16, 2, 23, 29, 32, 6, 26, 10, 159
53, 19, 15, 41, 25, 154
35, 38, 42, 6, 39, 27, 23, 101
2, 22, 10, 12, 11, 7, 34, 10, 205
25, 53, 17, 34, 185
18, 23, 22, 22, 24, 16, 15, 9, 166
3, 11, 28, 44, 48, 26, 159
31, 27, 39, 9, 3, 44, 32, 137
17, 62, 52, 33, 39, 121
9, 11, 8, 11, 36, 35, 16, 12, 187
26, 16, 15, 31, 12, 14, 0, 14, 199
40, 9, 27, 30, 225
61, 1, 67, 13, 192
43, 1, 18, 10, 33, 9, 42, 179
87, 37, 43, 170
59, 24, 66, 24, 22, 146
22, 1, 19, 35, 32, 40, 17, 178
38, 30, 1, 10, 7, 18, 40, 201
32, 2, 22, 8, 40, 1, 39, 205
3, 2, 30, 23, 3, 43, 249
6, 13, 71, 23, 42, 202
39, 26, 16, 33, 17, 37, 51, 142
120, 15, 6, 223
81, 63, 71, 72, 81
8, 15, 12, 28, 40, 13, 44, 39, 171
49, 0, 0, 65, 21, 237
72, 27, 66, 2, 208
11, 32, 25, 46, 39, 1, 7, 1, 215
124, 109, 89, 57
50, 52, 26, 13, 239
92, 33, 14, 0, 244
122, 98, 78, 88
26, 7, 60, 59, 60, 178
16, 10, 32, 22, 65, 248
76, 49, 36, 50, 183
14, 11, 56, 17, 26, 2, 43, 228
47, 48, 18, 49, 29, 42, 166
30, 33, 21, 2, 48, 45, 12, 11, 201
20, 5, 31, 11, 38, 4, 16, 1, 280
49, 29, 54, 23, 62, 191
45, 54, 76, 36, 36, 165
47, 49, 27, 24, 17, 47, 46, 48, 109
46, 81, 58, 43, 6, 182
22, 44, 24, 11, 0, 18, 3, 297
17, 92, 85, 104, 125
3, 43, 3, 14, 8, 43, 3, 2, 305
67, 54, 92, 43, 171
16, 42, 25, 22, 61, 30, 5, 230
36, 13, 47, 96, 240
16, 92, 70, 12, 245
83, 58, 6, 71, 14, 204
42, 7, 20, 51, 13, 47, 50, 33, 176
36, 21, 55, 106, 224
54, 77, 24, 291
5, 12, 60, 61, 27, 283
64, 53, 17, 21, 10, 284
106, 100, 104, 16, 124
22, 50, 45, 35, 25, 5, 42, 5, 225
113, 70, 25, 24, 226
111, 95, 4, 35, 215
70, 92, 41, 77, 1, 180
31, 10, 12, 5, 405
48, 29, 38, 7, 55, 5, 56, 34, 194
10, 2, 59, 52, 345
45, 3, 1, 31, 3, 32, 30, 56, 271
18, 61, 12, 14, 51, 7, 53, 257
55, 51, 7, 50, 26, 35, 39, 212
2, 14, 69, 89, 91, 211
10, 129, 24, 316
10, 7, 12, 72, 77, 78, 224
37, 25, 21, 55, 40, 79, 227
43, 58, 41, 46, 10, 7, 6, 275
23, 68, 26, 48, 7, 30, 29, 257
45, 35, 45, 76, 13, 71, 207
1, 54, 32, 42, 46, 10, 45, 263
66, 55, 73, 61, 41, 45, 153
30, 58, 36, 25, 74, 273
38, 55, 30, 26, 34, 2, 28, 287
82, 60, 66, 9, 92, 194
19, 50, 65, 11, 36, 63, 36, 225
0, 25, 30, 21, 5, 25, 30, 62, 309
7, 55, 5, 56, 3, 54, 63, 265
49, 99, 59, 119, 186
24, 49, 7, 52, 70, 6, 56, 250
8, 2, 33, 98, 14, 362
38, 25, 6, 23, 55, 48, 47, 65, 213
25, 146, 158, 194
46, 67, 79, 74, 37, 24, 199
99, 12, 49, 94, 39, 237
43, 32, 17, 83, 26, 332
48, 49, 18, 30, 46, 24, 27, 11, 283
12, 14, 81, 20, 27, 90, 296
73, 74, 21, 34, 29, 46, 75, 192
46, 71, 23, 61, 26, 71, 77, 170
31, 3, 58, 46, 51, 28, 331
20, 19, 51, 43, 4, 51, 58, 63, 240
27, 21, 32, 77, 31, 38, 24, 303
14, 29, 77, 50, 80, 13, 292
117, 50, 13, 67, 310
75, 2, 89, 88, 15, 70, 222
65, 21, 18, 54, 75, 78, 37, 216
16, 72, 103, 66, 78, 232
52, 137, 180, 201
29, 22, 44, 46, 39, 44, 62, 13, 272
132, 184, 118, 139
121, 95, 191, 169
138, 43, 71, 43, 283
47, 66, 34, 4, 42, 43, 28, 316
9, 55, 29, 92, 93, 32, 273
24, 8, 40, 27, 53, 30, 10, 28, 366
16, 63, 29, 83, 3, 1, 394
86, 56, 94, 49, 3, 26, 279
79, 92, 67, 53, 84, 72, 150
98, 60, 7, 116, 36, 281
80, 48, 91, 48, 334
50, 7, 0, 21, 57, 63, 83, 321
30, 11, 29, 43, 41, 57, 395
51, 43, 14, 64, 58, 17, 362
115, 15, 13, 117, 19, 332
83, 4, 84, 34, 26, 37, 18, 327
61, 135, 39, 129, 253
99, 53, 24, 32, 74, 67, 270
77, 55, 1, 61, 19, 40, 8, 47, 315
4, 68, 62, 74, 37, 49, 2, 36, 294
116, 57, 119, 12, 324
156, 126, 71, 133, 143
73, 92, 32, 126, 120, 190
49, 70, 22, 7, 69, 75, 26, 10, 306
37, 1, 90, 45, 20, 21, 72, 350
28, 64, 38, 49, 41, 91, 34, 294
51, 97, 79, 56, 4, 356
53, 77, 86, 13, 417
1, 102, 35, 85, 427
63, 55, 68, 14, 13, 44, 49, 31, 317
65, 53, 70, 102, 26, 44, 296
75, 16, 11, 11, 47, 49, 9, 440
26, 169, 172, 292
91, 31, 34, 12, 49, 17, 67, 361
119, 17, 33, 497
88, 56, 64, 459
80, 99, 29, 25, 121, 314
41, 218, 171, 240
70, 82, 63, 115, 342
120, 23, 128, 5, 400
31, 111, 111, 40, 82, 47, 257
89, 34, 74, 20, 98, 368
27, 30, 23, 18, 49, 45, 492
54, 16, 79, 102, 83, 102, 251
40, 12, 55, 40, 77, 3, 32, 45, 384
166, 167, 104, 254
60, 17, 151, 48, 419
12, 114, 134, 30, 38, 370
75, 67, 41, 90, 2, 68, 46, 312
23, 90, 61, 102, 51, 19, 358
61, 131, 183, 333
46, 76, 40, 82, 21, 45, 63, 25, 313
71, 205, 84, 352
19, 61, 48, 88, 71, 15, 66, 71, 275
97, 34, 109, 101, 86, 291
75, 149, 93, 79, 326
115, 195, 62, 354
3, 70, 64, 94, 1, 51, 39, 405
53, 58, 27, 76, 21, 70, 91, 59, 276
221, 100, 60, 351
92, 31, 21, 29, 62, 15, 47, 437
39, 77, 7, 48, 17, 36, 82, 50, 382
90, 47, 210, 395
115, 37, 112, 83, 50, 349
152, 169, 153, 108, 166
71, 176, 27, 475
74, 49, 4, 3, 112, 509
101, 113, 106, 114, 109, 3, 209
11, 67, 32, 38, 6, 604
13, 82, 31, 61, 134, 438
99, 15, 106, 16, 102, 96, 29, 300
150, 132, 149, 35, 148, 153
51, 29, 46, 8, 81, 114, 439
38, 136, 0, 53, 545
76, 97, 20, 27, 38, 75, 441
99, 129, 0, 54, 77, 109, 310
17, 10, 20, 10, 101, 37, 587
39, 54, 119, 573
44, 46, 11, 92, 33, 62, 37, 76, 388
48, 124, 124, 37, 458
26, 34, 18, 98, 88, 78, 23, 427
37, 87, 21, 30, 126, 119, 374
65, 166, 182, 385
54, 15, 18, 17, 121, 574
108, 45, 105, 17, 75, 80, 372
141, 96, 79, 41, 53, 395
79, 58, 28, 60, 41, 7, 15, 44, 476
60, 3, 107, 111, 110, 25, 393
216, 77, 188, 332
83, 20, 13, 6, 109, 0, 14, 571
133, 43, 41, 18, 21, 54, 509
177, 196, 6, 85, 359
103, 16, 79, 3, 0, 41, 75, 0, 507
106, 44, 9, 78, 61, 50, 20, 457
73, 59, 161, 134, 399
91, 107, 49, 68, 80, 71, 54, 308
62, 109, 9, 125, 95, 70, 359
99, 69, 149, 138, 52, 325
125, 264, 181, 266
126, 19, 36, 74, 53, 66, 466
55, 96, 74, 54, 65, 68, 101, 331
27, 72, 18, 91, 36, 59, 97, 82, 364
218, 17, 230, 385
134, 188, 165, 366
32, 61, 140, 127, 167, 328
9, 22, 72, 134, 6, 616
55, 27, 56, 48, 34, 642
82, 30, 45, 77, 2, 104, 39, 0, 485
144, 64, 41, 125, 79, 415
64, 48, 97, 93, 104, 47, 7, 33, 379
54, 51, 78, 37, 85, 127, 442
8, 74, 16, 40, 19, 35, 40, 646
71, 142, 116, 116, 434
26, 73, 68, 108, 76, 142, 390
45, 89, 48, 38, 64, 89, 108, 102, 302
82, 113, 60, 167, 466
119, 3, 189, 83, 495
75, 29, 85, 143, 85, 112, 362
123, 38, 66, 66, 64, 16, 63, 457
87, 99, 52, 21, 63, 92, 32, 106, 344
89, 110, 62, 50, 78, 99, 13, 39, 359
29, 111, 185, 207, 371
111, 83, 58, 68, 19, 1, 86, 82, 396
292, 262, 80, 273
124, 52, 116, 72, 143, 401
33, 72, 4, 802
105, 27, 29, 42, 92, 54, 50, 10, 506
217, 30, 16, 655
32, 6, 27, 24, 94, 126, 610
148, 166, 171, 69, 366
83, 163, 100, 575
179, 98, 173, 171, 16, 288
111, 48, 17, 85, 103, 64, 79, 57, 365
61, 31, 155, 95, 13, 48, 527
200, 309, 208, 217
44, 44, 60, 65, 30, 53, 42, 67, 531
70, 16, 183, 175, 496
17, 226, 55, 644
147, 132, 78, 234, 355
242, 45, 219, 443
96, 9, 105, 136, 136, 100, 62, 309
62, 119, 43, 77, 105, 50, 93, 7, 401
186, 319, 55, 399
120, 156, 31, 146, 78, 146, 283
110, 70, 84, 111, 160, 428
257, 13, 285, 410
37, 58, 105, 30, 104, 12, 41, 581
31, 63, 51, 57, 24, 55, 90, 601
63, 76, 67, 155, 152, 11, 451
47, 105, 138, 9, 162, 83, 434
127, 42, 110, 14, 55, 126, 5, 501
253, 8, 28, 694
98, 1, 94, 149, 32, 88, 522
142, 229, 215, 402
8, 114, 16, 96, 34, 723
53, 184, 236, 98, 424
247, 127, 8, 107, 510
125, 59, 114, 136, 114, 130, 119, 203
222, 313, 81, 386
101, 150, 46, 94, 29, 29, 556
170, 321, 51, 465
125, 150, 117, 22, 594
99, 63, 66, 34, 16, 92, 67, 99, 476
23, 133, 179, 679
61, 106, 109, 38, 147, 91, 466
126, 100, 86, 53, 115, 11, 65, 2, 462
79, 143, 76, 133, 45, 96, 451
3, 16, 8, 122, 6, 136, 734
3, 87, 111, 117, 43, 113, 56, 497
34, 112, 79, 205, 89, 511
161, 107, 41, 178, 33, 514
249, 254, 241, 292
1, 24, 128, 57, 157, 141, 530
169, 181, 165, 65, 462
74, 33, 78, 125, 22, 17, 148, 547
80, 1, 88, 12, 113, 24, 142, 585
150, 148, 166, 12, 158, 414
3, 139, 209, 146, 553
36, 189, 252, 100, 477
118, 7, 130, 99, 109, 89, 38, 8, 459
195, 223, 221, 159, 261
112, 145, 165, 62, 13, 146, 418
52, 51, 17, 51, 35, 52, 95, 48, 662
253, 143, 48, 620
212, 291, 167, 396
30, 114, 20, 50, 96, 59, 146, 555
244, 82, 91, 90, 566
79, 15, 6, 115, 52, 171, 636
202, 103, 147, 207, 70, 346
9, 61, 21, 12, 69, 53, 854
54, 112, 116, 97, 32, 72, 50, 119, 429
40, 66, 105, 80, 101, 49, 35, 83, 526
235, 184, 321, 346
34, 130, 68, 99, 94, 9, 43, 100, 513
291, 259, 120, 422
43, 102, 72, 84, 155, 95, 154, 389
88, 82, 106, 46, 62, 69, 32, 81, 529
92, 48, 68, 5, 885
0, 166, 12, 180, 81, 164, 499
224, 190, 108, 227, 356
185, 157, 253, 175, 339
146, 221, 136, 190, 126, 293
139, 108, 131, 3, 7, 16, 70, 100, 542
119, 2, 84, 54, 72, 789
65, 138, 141, 85, 37, 65, 591
88, 33, 17, 38, 125, 72, 108, 46, 597
16, 141, 99, 39, 77, 140, 3, 610
358, 23, 91, 656
135, 162, 190, 4, 216, 423
86, 141, 89, 160, 125, 38, 101, 393
69, 125, 19, 20, 80, 83, 126, 141, 472
104, 61, 56, 116, 132, 71, 599
58, 106, 39, 135, 129, 27, 649
203, 57, 16, 868
56, 69, 77, 110, 53, 18, 109, 655
19, 323, 47, 760
34, 259, 20, 77, 760
15, 30, 226, 0, 99, 781
87, 157, 109, 95, 100, 76, 149, 382
133, 279, 330, 414
121, 141, 38, 16, 9, 71, 0, 115, 647
57, 116, 119, 51, 157, 662
50, 19, 128, 26, 24, 116, 95, 84, 621
112, 8, 101, 227, 134, 582
204, 120, 25, 78, 207, 532
111, 31, 50, 131, 48, 129, 42, 64, 562
143, 157, 14, 192, 73, 135, 456
13, 132, 14, 67, 54, 99, 57, 51, 684
91, 155, 80, 35, 125, 1, 36, 650
221, 135, 223, 57, 15, 524
92, 225, 206, 159, 220, 274
104, 14, 102, 64, 131, 126, 5, 634
145, 172, 112, 21, 101, 66, 565
279, 212, 33, 660
97, 42, 95, 80, 130, 104, 72, 566
264, 326, 112, 486
216, 177, 43, 8, 748
54, 89, 133, 43, 75, 8, 794
88, 118, 142, 126, 178, 77, 471
59, 121, 78, 133, 94, 107, 150, 462
393, 16, 84, 713
108, 77, 8, 28, 14, 140, 131, 1, 702
31, 94, 189, 185, 198, 16, 500
99, 12, 101, 65, 47, 18, 22, 86, 767
381, 112, 60, 667
246, 161, 280, 536
115, 208, 236, 43, 163, 462
217, 31, 55, 229, 230, 468
41, 80, 145, 77, 174, 78, 143, 494
98, 110, 165, 124, 160, 62, 514
42, 116, 166, 15, 109, 160, 629
128, 202, 103, 202, 605
80, 130, 149, 14, 82, 54, 16, 153, 566
130, 30, 11, 3, 104, 33, 14, 922
201, 177, 151, 163, 43, 1, 512
28, 58, 152, 27, 156, 90, 15, 49, 677
146, 83, 14, 19, 94, 20, 100, 85, 694
101, 19, 64, 104, 163, 50, 127, 631
129, 54, 35, 75, 124, 117, 83, 104, 539
21, 125, 79, 108, 50, 111, 107, 12, 649
154, 10, 134, 113, 133, 35, 151, 533
107, 121, 136, 82, 23, 77, 86, 113, 521
66, 3, 91, 127, 134, 140, 6, 129, 572
112, 49, 141, 104, 103, 119, 117, 63, 463
70, 186, 123, 32, 200, 28, 635
100, 22, 162, 33, 150, 201, 607
51, 126, 73, 0, 137, 34, 112, 745
109, 90, 164, 107, 84, 67, 659
9, 21, 87, 51, 0, 119, 106, 48, 840
3, 54, 70, 94, 132, 79, 852
114, 66, 199, 93, 102, 191, 522
116, 104, 117, 119, 93, 94, 152, 130, 363
4, 107, 160, 72, 111, 82, 85, 671
171, 92, 103, 304, 624
147, 63, 111, 95, 14, 46, 819
231, 206, 247, 194, 420
67, 20, 82, 182, 149, 208, 591
186, 103, 22, 150, 213, 146, 480
54, 175, 322, 232, 519
99, 143, 98, 130, 6, 56, 111, 128, 532
204, 183, 161, 83, 194, 80, 402
14, 74, 139, 117, 6, 87, 52, 79, 743
71, 246, 41, 230, 724
82, 86, 64, 39, 85, 74, 54, 15, 814
133, 3, 152, 89, 121, 138, 141, 537
17, 83, 154, 130, 64, 102, 85, 94, 586
188, 187, 40, 90, 78, 143, 86, 507
32, 10, 18, 14, 112, 105, 142, 43, 845
220, 83, 166, 111, 180, 19, 543
7, 44, 79, 20, 120, 16, 131, 157, 752
99, 23, 128, 124, 117, 50, 788
32, 213, 31, 175, 882
231, 423, 440, 241
36, 144, 106, 80, 15, 93, 862
285, 163, 269, 623
242, 275, 153, 136, 538
374, 324, 442, 208
192, 67, 62, 185, 846
153, 96, 112, 156, 41, 38, 138, 621
57, 29, 27, 87, 48, 101, 124, 884
46, 296, 378, 639
108, 49, 90, 168, 185, 79, 8, 673
138, 120, 260, 269, 257, 319
80, 1, 29, 18, 4, 186, 1048
170, 64, 192, 235, 140, 569
106, 36, 125, 37, 181, 182, 34, 673
108, 51, 180, 101, 170, 8, 153, 604
48, 89, 121, 168, 124, 48, 65, 124, 592
229, 429, 106, 617
130, 232, 260, 10, 164, 587
75, 0, 88, 94, 16, 51, 191, 872
196, 231, 193, 9, 202, 230, 329
49, 48, 69, 244, 17, 966
41, 162, 141, 29, 193, 50, 19, 760
154, 135, 100, 54, 136, 34, 53, 732
165, 96, 89, 105, 177, 99, 669
128, 187, 139, 171, 164, 171, 59, 385
182, 46, 28, 4, 176, 57, 914
153, 23, 177, 192, 35, 4, 111, 716
178, 224, 70, 61, 23, 74, 783
230, 129, 76, 226, 17, 738
111, 129, 32, 129, 204, 147, 668
149, 154, 160, 100, 13, 75, 108, 28, 635
146, 131, 336, 20, 790
165, 90, 2, 82, 196, 79, 1, 810
134, 276, 77, 244, 697
114, 14, 8, 264, 26, 1005
137, 240, 37, 1020
83, 287, 274, 70, 234, 488
229, 279, 258, 245, 172, 255
311, 281, 372, 476
108, 116, 232, 17, 36, 48, 887
0, 81, 158, 134, 134, 118, 179, 9, 634
98, 0, 351, 14, 988
4, 149, 83, 25, 118, 1076
342, 141, 57, 16, 903
376, 473, 274, 337
74, 41, 286, 103, 83, 874
189, 16, 166, 168, 120, 98, 55, 651
159, 109, 61, 170, 107, 117, 56, 35, 653
290, 203, 145, 74, 83, 673
388, 484, 218, 379
41, 139, 140, 106, 176, 135, 157, 118, 461
211, 21, 102, 166, 7, 219, 749
86, 95, 7, 79, 79, 182, 950
289, 48, 33, 286, 118, 707
65, 150, 21, 129, 87, 96, 179, 160, 598
81, 26, 92, 151, 155, 9, 1, 41, 932
203, 197, 99, 166, 177, 2, 202, 446
245, 57, 0, 242, 14, 938
176, 112, 92, 291, 828
171, 126, 170, 188, 845
182, 179, 91, 219, 65, 115, 651
216, 121, 42, 297, 227, 603
55, 42, 229, 128, 36, 128, 891
16, 227, 265, 51, 233, 719
322, 401, 5, 785
231, 208, 285, 185, 72, 536
248, 50, 218, 174, 13, 815
164, 235, 330, 792
194, 106, 358, 866
90, 36, 158, 112, 218, 140, 100, 674
365, 32, 330, 76, 728
95, 152, 104, 16, 105, 215, 196, 650
35, 230, 150, 135, 249, 737
315, 52, 400, 772
231, 210, 463, 637
273, 342, 225, 101, 603
132, 10, 69, 48, 161, 91, 1036
227, 219, 246, 290, 54, 513
4, 394, 85, 1069
460, 330, 395, 369
393, 2, 187, 973
106, 175, 145, 22, 56, 130, 12, 140, 773
124, 52, 57, 144, 93, 122, 158, 812
55, 31, 76, 101, 1303
430, 272, 309, 559
478, 416, 242, 437
288, 461, 0, 828
255, 178, 49, 281, 5, 811
259, 122, 269, 142, 149, 640
277, 155, 375, 775
89, 115, 267, 57, 31, 1026
82, 1, 147, 61, 15, 124, 187, 146, 825
34, 90, 157, 109, 93, 72, 129, 168, 738
55, 289, 43, 227, 977
64, 48, 90, 186, 209, 224, 772
214, 247, 355, 781
33, 72, 138, 0, 144, 100, 40, 151, 923
87, 164, 174, 53, 173, 11, 45, 99, 799
113, 178, 87, 67, 285, 877
136, 93, 33, 147, 51, 129, 130, 164, 727
382, 314, 386, 298, 234
394, 347, 389, 165, 322
104, 73, 346, 183, 913
80, 77, 153, 68, 25, 140, 202, 47, 829
6, 87, 150, 128, 94, 91, 1069
280, 217, 126, 274, 729
101, 94, 190, 187, 38, 6, 1014
25, 282, 61, 320, 945
125, 160, 145, 202, 73, 140, 108, 62, 619
334, 150, 185, 966
144, 105, 85, 181, 127, 221, 76, 698
30, 20, 6, 23, 151, 215, 108, 1085
71, 125, 59, 20, 159, 141, 8, 114, 944
174, 253, 32, 408, 776
8, 302, 65, 32, 18, 1220
57, 153, 183, 95, 6, 17, 145, 92, 900
154, 23, 197, 202, 118, 223, 42, 693
175, 14, 80, 254, 1132
93, 249, 168, 252, 895
414, 262, 348, 242, 394
197, 360, 152, 141, 813
426, 150, 167, 924
131, 18, 15, 12, 107, 16, 56, 64, 1251
65, 29, 87, 97, 160, 39, 146, 1049
141, 195, 166, 43, 271, 859
288, 103, 148, 186, 160, 793
95, 194, 291, 1101
6, 45, 162, 202, 173, 242, 853
155, 181, 380, 272, 696
74, 272, 161, 19, 1162
109, 59, 192, 84, 61, 124, 13, 11, 1038
398, 561, 495, 239
144, 172, 75, 155, 226, 90, 46, 789
233, 406, 408, 250, 404
204, 189, 414, 246, 650
100, 255, 142, 150, 2, 47, 1009
157, 62, 96, 55, 171, 15, 146, 184, 820
207, 74, 148, 108, 182, 112, 21, 177, 680
9, 161, 57, 181, 1304
71, 88, 337, 281, 250, 687
114, 44, 34, 197, 117, 167, 145, 91, 807
143, 22, 135, 41, 117, 195, 188, 153, 724
12, 138, 198, 205, 1167
351, 241, 424, 60, 647
171, 340, 323, 58, 316, 519
135, 177, 250, 37, 167, 965
248, 76, 257, 1154
206, 274, 173, 129, 955
225, 183, 185, 1146
229, 38, 26, 96, 11, 232, 184, 925
187, 2, 184, 148, 116, 75, 76, 63, 891
274, 37, 208, 47, 325, 855
44, 8, 40, 77, 92, 15, 162, 165, 1144
229, 154, 173, 256, 130, 89, 719
433, 194, 94, 46, 986
153, 392, 25, 200, 984
184, 188, 29, 238, 249, 217, 236, 415
108, 166, 17, 180, 49, 40, 79, 57, 1063
181, 183, 15, 212, 38, 111, 119, 71, 830
153, 170, 149, 148, 197, 44, 200, 210, 491
226, 499, 308, 730
105, 204, 209, 137, 132, 64, 177, 145, 592
127, 116, 243, 103, 68, 123, 987
91, 184, 141, 206, 25, 33, 146, 10, 934
270, 63, 237, 3, 40, 103, 1055
89, 244, 136, 211, 55, 64, 973
133, 323, 142, 145, 179, 853
136, 23, 123, 101, 53, 145, 249, 948
193, 344, 49, 307, 887
336, 295, 356, 794
97, 20, 69, 187, 168, 67, 171, 90, 913
56, 53, 4, 66, 176, 91, 1339
197, 137, 174, 137, 105, 97, 940
11, 165, 87, 10, 146, 125, 151, 1093
218, 520, 363, 689
510, 444, 429, 411
20, 102, 181, 82, 241, 53, 1117
57, 278, 43, 316, 1103
113, 154, 162, 124, 126, 50, 233, 837
211, 294, 62, 169, 1066
295, 174, 221, 93, 299, 108, 613
410, 106, 271, 193, 825
188, 13, 221, 135, 93, 247, 912
90, 206, 155, 59, 217, 167, 35, 883
238, 67, 274, 166, 84, 246, 739
195, 223, 75, 142, 12, 52, 11, 145, 963
89, 107, 73, 155, 22, 70, 42, 1263
270, 123, 144, 160, 18, 121, 987
130, 66, 66, 88, 42, 1432
142, 321, 200, 319, 153, 692
263, 166, 419, 981
402, 191, 536, 703
122, 180, 230, 37, 217, 53, 106, 890
24, 167, 141, 0, 146, 201, 165, 993
62, 359, 316, 1102
609, 384, 395, 453
379, 291, 388, 784
347, 315, 178, 300, 108, 597
155, 183, 299, 337, 43, 829
221, 229, 201, 72, 217, 44, 145, 720
300, 275, 234, 19, 1025
376, 261, 169, 78, 972
219, 286, 214, 41, 17, 1082
446, 190, 440, 786
98, 362, 169, 1235
179, 462, 185, 124, 915
266, 98, 112, 96, 141, 1155
149, 5, 221, 201, 85, 119, 96, 993
216, 167, 105, 55, 92, 163, 44, 206, 825
116, 103, 192, 57, 62, 79, 132, 55, 1078
160, 95, 347, 202, 1074
250, 205, 400, 1027
49, 63, 221, 136, 222, 136, 179, 9, 870
2, 223, 181, 286, 1196
33, 78, 222, 1556
108, 246, 232, 276, 180, 850
81, 335, 118, 387, 974
3, 262, 121, 152, 197, 16, 207, 940
59, 187, 269, 121, 250, 97, 68, 850
106, 191, 409, 1, 1198
462, 420, 397, 627
30, 29, 518, 1331
23, 55, 155, 168, 72, 115, 25, 207, 1089
302, 48, 74, 306, 232, 37, 912
245, 251, 264, 97, 206, 203, 648
131, 139, 36, 81, 187, 138, 267, 936
82, 199, 183, 83, 119, 21, 68, 185, 979
39, 27, 7, 103, 130, 39, 59, 198, 1320
103, 236, 168, 67, 56, 215, 19, 123, 938
40, 416, 394, 243, 833
118, 33, 149, 16, 154, 273, 122, 1063
248, 90, 341, 1250
314, 288, 164, 45, 371, 750
6, 247, 271, 107, 25, 206, 1072
175, 433, 627, 703
100, 50, 176, 43, 37, 175, 193, 40, 1125
211, 137, 141, 107, 196, 217, 932
128, 157, 151, 156, 28, 157, 214, 101, 853
157, 54, 211, 79, 48, 1398
382, 409, 129, 1031
105, 164, 284, 131, 207, 1061
124, 257, 260, 16, 176, 236, 0, 885
178, 109, 362, 1308
140, 213, 160, 269, 293, 191, 694
138, 193, 321, 275, 192, 284, 563
234, 132, 312, 18, 178, 1090
317, 293, 73, 142, 79, 1061
27, 33, 146, 240, 40, 173, 1309
305, 169, 260, 125, 144, 243, 726
148, 47, 15, 79, 51, 101, 70, 0, 1462
30, 271, 34, 274, 122, 111, 126, 1006
233, 229, 93, 34, 93, 250, 201, 844
187, 22, 122, 194, 80, 120, 127, 1126
12, 156, 4, 147, 199, 214, 132, 1117
108, 247, 212, 231, 38, 286, 860
174, 35, 193, 140, 60, 277, 153, 951
217, 164, 279, 338, 199, 790
37, 345, 183, 145, 269, 1011
0, 78, 64, 203, 196, 92, 111, 30, 1220
101, 6, 23, 70, 22, 125, 156, 239, 1253
114, 13, 185, 203, 163, 1320
123, 14, 166, 163, 284, 160, 267, 824
42, 324, 14, 477, 1145
66, 99, 177, 243, 17, 276, 1126
7, 120, 109, 373, 1398
103, 51, 231, 24, 115, 93, 44, 1350
92, 50, 90, 225, 220, 6, 34, 33, 1264
190, 61, 252, 84, 178, 107, 51, 152, 942
105, 85, 180, 3, 159, 54, 128, 1307
26, 304, 313, 39, 195, 1147
52, 174, 171, 44, 378, 1208
315, 216, 502, 436, 561
253, 129, 221, 51, 55, 241, 13, 28, 1042
284, 12, 19, 421, 1298
330, 261, 83, 233, 38, 2, 1088
337, 349, 381, 338, 633
461, 249, 384, 220, 728
60, 280, 249, 274, 236, 120, 159, 666
57, 27, 277, 90, 327, 1268
116, 190, 254, 42, 55, 289, 1104
44, 101, 167, 104, 26, 96, 137, 65, 1311
1, 252, 168, 83, 183, 40, 37, 70, 1218
122, 40, 178, 186, 97, 169, 112, 1151
69, 93, 315, 308, 87, 252, 935
135, 121, 243, 275, 331, 215, 740
248, 110, 483, 1221
172, 275, 28, 236, 150, 258, 14, 930
266, 61, 513, 1227
209, 7, 270, 360, 191, 1031
188, 249, 226, 151, 16, 105, 172, 254, 708
392, 309, 676, 693
71, 245, 400, 252, 1106
184, 43, 89, 29, 12, 176, 7, 161, 1374
46, 102, 181, 90, 42, 208, 1410
17, 191, 167, 374, 189, 1142
331, 84, 53, 61, 113, 158, 1284
172, 200, 67, 99, 294, 204, 213, 839
228, 146, 30, 177, 87, 209, 157, 242, 815
450, 126, 251, 1267
51, 276, 200, 118, 134, 74, 290, 952
109, 164, 160, 10, 201, 259, 102, 44, 1048
45, 217, 0, 267, 197, 68, 1305
136, 290, 509, 1166
233, 11, 384, 260, 63, 1154
227, 365, 113, 146, 350, 906
267, 31, 460, 1351
493, 224, 511, 882
174, 153, 261, 197, 208, 154, 164, 803
309, 103, 161, 14, 232, 1296
408, 0, 210, 109, 1389
672, 299, 477, 671
137, 317, 253, 393, 336, 686
194, 26, 111, 35, 157, 235, 88, 96, 1184
172, 242, 87, 257, 154, 133, 152, 933
509, 300, 40, 192, 1090
73, 5, 18, 289, 13, 1735
331, 123, 51, 118, 235, 84, 1193
106, 170, 18, 257, 265, 119, 195, 52, 956
69, 156, 25, 229, 233, 172, 210, 167, 879
1, 82, 190, 48, 230, 230, 13, 219, 1131
245, 303, 264, 95, 416, 822
320, 159, 192, 357, 287, 292, 539
49, 177, 23, 306, 241, 239, 306, 806
297, 343, 193, 9, 334, 343, 632
497, 636, 621, 399
125, 39, 102, 10, 153, 109, 183, 36, 1397
172, 183, 25, 53, 212, 296, 1214
62, 108, 337, 190, 390, 1069
106, 233, 262, 238, 158, 222, 218, 249, 472
474, 438, 54, 1194
331, 267, 355, 72, 272, 162, 702
384, 254, 414, 377, 735
142, 181, 271, 38, 77, 124, 1333
590, 49, 664, 867
284, 243, 156, 197, 170, 176, 945
344, 341, 263, 90, 308, 330, 499
703, 115, 637, 724
141, 126, 316, 121, 50, 1428
450, 414, 700, 619
50, 7, 147, 169, 199, 263, 66, 222, 1063
34, 366, 275, 430, 402, 683
86, 169, 58, 192, 228, 227, 125, 175, 934
33, 226, 38, 73, 193, 110, 286, 1236
310, 9, 336, 285, 294, 344, 619
311, 209, 191, 204, 294, 298, 691
257, 210, 83, 123, 38, 162, 108, 270, 949
160, 280, 66, 49, 171, 10, 312, 1154
112, 270, 94, 1730
210, 193, 282, 109, 1413
217, 272, 144, 206, 236, 283, 180, 673
197, 31, 58, 127, 210, 30, 1560
172, 284, 128, 237, 8, 62, 121, 1202
412, 582, 696, 528
244, 260, 128, 8, 240, 242, 157, 51, 889
195, 187, 155, 258, 42, 242, 203, 108, 833
368, 399, 175, 42, 1240
53, 213, 258, 114, 61, 260, 222, 1046
293, 226, 241, 289, 262, 920
122, 192, 256, 58, 106, 361, 1140
130, 136, 187, 269, 1514
204, 161, 30, 244, 196, 157, 220, 197, 831
90, 149, 1, 75, 219, 131, 1578
208, 133, 314, 352, 72, 1168
110, 307, 159, 61, 125, 293, 246, 948
214, 355, 78, 385, 10, 1208
304, 254, 307, 30, 373, 285, 701
120, 262, 215, 125, 98, 269, 167, 1001
317, 165, 72, 196, 219, 184, 290, 818
108, 242, 265, 102, 275, 1271
176, 192, 42, 241, 319, 111, 244, 941
89, 149, 97, 169, 89, 143, 174, 148, 1209
316, 140, 243, 56, 197, 79, 281, 959
27, 96, 85, 184, 133, 4, 54, 141, 1548
566, 329, 2, 204, 1175
207, 112, 136, 61, 218, 188, 80, 164, 1111
33, 266, 322, 200, 45, 1415
187, 58, 121, 263, 11, 79, 197, 9, 1358
9, 104, 107, 171, 130, 90, 1673
140, 199, 515, 447, 986
343, 299, 268, 292, 452, 635
136, 48, 182, 267, 396, 1262
292, 291, 65, 291, 15, 180, 71, 1087
64, 59, 183, 202, 151, 228, 179, 161, 1069
378, 321, 103, 1497
572, 286, 105, 88, 1250
153, 116, 99, 131, 49, 23, 150, 1584
245, 267, 97, 0, 113, 4, 155, 1428
300, 263, 281, 100, 38, 1329
51, 10, 212, 215, 15, 185, 236, 58, 1332
353, 294, 176, 199, 125, 104, 1067
58, 127, 252, 127, 105, 197, 277, 1178
42, 373, 365, 98, 1446
9, 99, 39, 64, 6, 254, 160, 197, 1499
241, 77, 135, 69, 74, 177, 100, 130, 1326
5, 276, 209, 127, 79, 188, 258, 261, 928
372, 530, 756, 677
97, 110, 39, 102, 97, 289, 228, 1377
125, 24, 253, 174, 1767
81, 319, 116, 300, 39, 205, 1287
124, 444, 23, 54, 221, 1484
666, 242, 463, 981
41, 241, 268, 214, 173, 1416
508, 562, 261, 1024
218, 287, 190, 248, 183, 38, 1195
265, 44, 190, 231, 99, 87, 253, 47, 1145
23, 408, 317, 406, 459, 751
251, 189, 172, 82, 197, 221, 1255
21, 154, 196, 303, 173, 329, 1192
78, 227, 23, 239, 174, 202, 222, 1205
356, 331, 142, 95, 1449
470, 458, 197, 529, 720
218, 131, 221, 321, 241, 96, 1149
443, 289, 71, 338, 97, 1142
145, 136, 181, 64, 94, 213, 228, 1322
174, 113, 23, 190, 211, 238, 59, 244, 1134
455, 176, 134, 417, 360, 845
2, 103, 52, 388, 191, 1654
336, 54, 380, 307, 155, 358, 803
206, 778, 361, 1051
250, 235, 387, 389, 128, 57, 954
343, 499, 395, 1165
84, 237, 53, 484, 1548
243, 262, 2, 80, 171, 177, 42, 280, 1151
126, 213, 273, 282, 46, 110, 341, 1018
651, 276, 504, 980
318, 208, 66, 374, 1446
110, 136, 283, 15, 167, 220, 135, 204, 1144
145, 413, 85, 301, 167, 1304
338, 226, 345, 298, 1, 1211
122, 387, 419, 202, 366, 927
687, 376, 709, 654
7, 17, 151, 76, 117, 138, 252, 209, 1463
279, 66, 337, 284, 284, 157, 60, 965
103, 73, 39, 112, 297, 182, 58, 70, 1502
366, 39, 128, 222, 240, 251, 1194
171, 119, 111, 91, 47, 288, 162, 292, 1161
15, 189, 52, 265, 274, 302, 241, 210, 897
180, 203, 294, 60, 232, 36, 114, 45, 1285
420, 186, 225, 351, 1268
25, 50, 133, 162, 349, 164, 287, 1281
148, 77, 110, 169, 59, 277, 132, 1481
320, 84, 436, 306, 86, 1223
302, 111, 271, 66, 296, 15, 329, 1069
185, 136, 377, 331, 111, 62, 1260
185, 122, 164, 103, 331, 389, 1171
240, 83, 59, 224, 31, 259, 142, 274, 1155
253, 342, 54, 202, 221, 237, 1161
385, 33, 119, 395, 1542
4, 290, 134, 203, 300, 51, 10, 129, 1357
146, 237, 61, 237, 104, 1696
225, 219, 297, 101, 89, 330, 180, 1042
237, 49, 154, 383, 111, 162, 1391
162, 314, 264, 124, 370, 212, 1044
412, 671, 440, 968
45, 292, 220, 224, 244, 137, 66, 9, 1258
213, 173, 96, 210, 244, 279, 78, 267, 936
333, 388, 128, 244, 3, 1404
85, 88, 572, 1759
218, 336, 321, 225, 79, 191, 1136
112, 443, 622, 402, 931
368, 270, 89, 1784
109, 57, 284, 236, 290, 249, 57, 1230
102, 628, 800, 984
212, 303, 271, 314, 121, 105, 2, 59, 1128
152, 576, 506, 1285
229, 433, 524, 583, 752
52, 427, 363, 1681
142, 416, 431, 19, 1517
128, 313, 344, 396, 77, 300, 968
143, 182, 458, 322, 20, 1405
413, 86, 120, 316, 321, 63, 1215
470, 196, 413, 119, 286, 1053
298, 97, 204, 482, 127, 1330
666, 732, 134, 1007
72, 104, 164, 292, 287, 224, 241, 81, 1078
497, 163, 528, 1357
492, 295, 287, 469, 5, 998
355, 347, 196, 55, 54, 11, 129, 1403
200, 44, 159, 353, 164, 218, 219, 1194
193, 511, 509, 574, 765
235, 324, 82, 183, 167, 271, 1294
23, 304, 238, 461, 1532
185, 486, 774, 1114
295, 270, 174, 153, 158, 49, 133, 1329
10, 258, 409, 328, 504, 1053
496, 262, 347, 48, 1410
4, 63, 274, 411, 281, 254, 1277
183, 100, 21, 287, 335, 68, 1573
311, 210, 308, 189, 267, 317, 115, 295, 557
435, 597, 425, 114, 1002
302, 85, 210, 237, 269, 124, 170, 293, 884
147, 427, 226, 283, 244, 235, 1015