5, 13, 8, 41
4, 3, 21, 15
2, 20, 24, 4
4, 0, 38, 12
5, 8, 11, 66
9, 16, 21, 47
0, 8, 22, 25
9, 8, 27, 32
8, 1, 12, 61
9, 7, 6, 70
3, 7, 33, 9
6, 1, 3, 78
7, 14, 11, 26
3, 14, 24, 48
6, 19, 16, 58
0, 14, 38, 10
6, 14, 13, 62
6, 7, 14, 39
5, 11, 40, 48
6, 15, 37, 17
5, 20, 10, 43
4, 17, 2, 59
3, 17, 25, 11
5, 2, 37, 65
3, 11, 36, 44
7, 9, 17, 39
9, 16, 34, 27
1, 10, 4, 41
2, 14, 23, 6
4, 3, 31, 80
1, 1, 8, 37
4, 13, 11, 54
8, 1, 39, 64
8, 15, 29, 24
4, 10, 19, 25
6, 18, 5, 22
8, 15, 40, 46
4, 2, 6, 28
2, 6, 15, 80
3, 20, 5, 27
4, 16, 22, 22
0, 17, 31, 68
2, 13, 23, 40
5, 9, 36, 15
8, 20, 21, 58
7, 6, 28, 51
6, 12, 3, 40
9, 6, 34, 5
9, 7, 11, 75
7, 3, 0, 66
7, 10, 21, 13
1, 4, 21, 20
1, 14, 24, 76
3, 4, 33, 38
4, 3, 17, 18
6, 19, 8, 5
6, 6, 37, 34
9, 3, 10, 62
2, 4, 31, 65
4, 9, 35, 35
7, 8, 23, 43
9, 5, 29, 53
2, 0, 26, 69
3, 5, 14, 21
4, 11, 16, 22
9, 7, 19, 40
8, 15, 8, 52
1, 1, 3, 17
6, 5, 13, 9
6, 0, 13, 15
6, 8, 14, 43
7, 19, 33, 37
2, 13, 13, 80
6, 2, 24, 12
1, 7, 17, 13
9, 6, 39, 26
8, 18, 35, 19
6, 6, 17, 80
2, 19, 8, 0
6, 20, 5, 21
3, 11, 33, 43
1, 1, 10, 16
9, 13, 20, 63
1, 8, 13, 29
2, 11, 14, 8
8, 10, 15, 19
7, 0, 24, 72
2, 19, 14, 9
3, 1, 7, 42
1, 0, 15, 33
5, 3, 10, 19
4, 0, 0, 55
8, 13, 9, 1
6, 9, 20, 4
7, 12, 11, 50
0, 0, 32, 43
6, 10, 3, 43
6, 11, 24, 77
7, 18, 21, 44
3, 14, 1, 78
5, 7, 24, 40
7, 2, 19, 21
3, 9, 24, 64
3, 11, 19, 72
9, 19, 9, 5
9, 14, 8, 61
4, 6, 15, 23
7, 4, 11, 57
5, 4, 27, 10
2, 19, 2, 29
1, 12, 35, 62
9, 0, 19, 56
8, 9, 1, 12
6, 17, 24, 49
4, 16, 6, 45
4, 4, 9, 16
0, 0, 24, 17
5, 11, 20, 16
4, 16, 11, 56
7, 8, 9, 75
9, 1, 4, 58
0, 0, 0, 22
6, 14, 5, 80
3, 6, 40, 38
8, 0, 15, 43
5, 2, 36, 5
0, 2, 31, 49
2, 19, 16, 25
1, 20, 8, 60
7, 10, 33, 23
3, 1, 33, 6
5, 15, 20, 71
8, 8, 23, 36
8, 9, 36, 55
7, 2, 11, 75
6, 17, 26, 30
2, 14, 20, 32
4, 20, 6, 16
7, 20, 18, 9
2, 15, 17, 48
8, 15, 16, 8
1, 16, 18, 63
8, 7, 11, 11
8, 6, 31, 43
8, 12, 39, 75
9, 3, 14, 21
0, 18, 0, 37
9, 16, 39, 26
5, 2, 38, 78
1, 1, 35, 55
8, 13, 15, 12
6, 6, 7, 75
8, 11, 28, 79
9, 18, 10, 59
0, 3, 14, 29
8, 8, 14, 18
3, 8, 18, 23
0, 12, 28, 37
4, 10, 9, 68
3, 7, 17, 10
4, 8, 5, 10
8, 15, 1, 31
4, 7, 32, 41
3, 18, 36, 2
7, 13, 1, 63
6, 0, 31, 9
3, 6, 40, 20
4, 10, 20, 80
1, 6, 27, 30
5, 16, 34, 24
6, 7, 19, 31
1, 17, 12, 51
2, 13, 20, 29
8, 0, 21, 33
7, 18, 12, 37
4, 14, 7, 77
5, 15, 9, 35
1, 11, 32, 26
0, 17, 31, 63
3, 17, 32, 50
5, 8, 6, 4
3, 9, 16, 10
6, 15, 19, 28
1, 20, 13, 15
2, 2, 4, 14
7, 6, 28, 1
9, 17, 24, 52
5, 12, 31, 48
6, 19, 40, 80
0, 17, 4, 30
3, 18, 31, 42
4, 5, 21, 40
6, 13, 39, 47
9, 5, 7, 20
1, 0, 1, 27
9, 3, 5, 38
9, 15, 24, 22
0, 9, 20, 11
1, 6, 2, 6
4, 7, 25, 27
3, 9, 8, 40
4, 1, 23, 27
9, 19, 23, 58
8, 4, 23, 78
9, 19, 33, 4
4, 0, 2, 66
7, 20, 39, 64
7, 10, 25, 2
3, 19, 12, 75
0, 20, 6, 25
7, 15, 4, 26
9, 18, 34, 17
9, 9, 32, 13
1, 1, 13, 37
1, 7, 40, 27
3, 14, 9, 9
6, 0, 4, 33
6, 0, 24, 80
0, 5, 40, 24
7, 8, 21, 28
4, 17, 37, 24
2, 1, 16, 51
4, 10, 17, 16
8, 16, 12, 16
3, 3, 9, 43
5, 7, 24, 73
7, 8, 14, 51
5, 11, 25, 29
7, 18, 39, 33
6, 13, 3, 61
1, 17, 6, 10
5, 1, 11, 68
6, 6, 26, 28
2, 6, 9, 48
2, 15, 33, 79
6, 3, 19, 40
5, 16, 10, 59
3, 1, 14, 65
4, 16, 6, 63
3, 2, 21, 73
3, 18, 10, 22
6, 17, 10, 52
3, 14, 8, 55
4, 6, 22, 2
3, 10, 31, 14
8, 19, 13, 13
1, 8, 0, 60
7, 3, 38, 55
9, 3, 32, 73
2, 0, 29, 52
6, 17, 19, 76
7, 7, 34, 36
2, 3, 39, 63
1, 13, 31, 61
9, 11, 16, 45
4, 11, 23, 24
2, 19, 31, 2
4, 16, 7, 39
1, 13, 19, 53
3, 8, 16, 77
9, 7, 6, 12
1, 9, 11, 55
8, 17, 21, 38
9, 17, 21, 64
7, 7, 17, 19
1, 5, 16, 36
7, 2, 26, 1
7, 18, 31, 68
7, 18, 14, 58
0, 17, 36, 23
3, 17, 1, 5
8, 11, 17, 48
3, 20, 4, 51
4, 0, 22, 15
2, 5, 8, 20
3, 3, 32, 79
0, 13, 39, 53
1, 3, 21, 45
8, 14, 10, 24
0, 13, 35, 4
4, 17, 12, 1
0, 13, 5, 11
9, 10, 31, 60
4, 6, 14, 20
2, 2, 32, 49
0, 5, 33, 41
9, 19, 40, 49
1, 18, 30, 13
8, 12, 33, 1
3, 11, 19, 79
2, 0, 21, 43
9, 13, 9, 49
6, 13, 20, 11
8, 6, 29, 16
4, 12, 9, 74
2, 2, 14, 56
9, 18, 15, 36
6, 2, 0, 80
4, 5, 24, 56
7, 5, 30, 8
2, 8, 36, 33
8, 5, 3, 59
6, 3, 14, 19
9, 13, 40, 62
7, 20, 10, 51
9, 15, 11, 40
7, 13, 34, 2
1, 2, 9, 40
5, 4, 13, 2
4, 3, 4, 51
4, 3, 0, 78
8, 7, 37, 61
3, 6, 28, 47
3, 17, 35, 58
7, 6, 26, 66
9, 6, 18, 69
0, 18, 39, 60
3, 11, 31, 13
5, 4, 27, 18
0, 16, 36, 76
8, 6, 9, 58
1, 12, 15, 75
7, 3, 40, 23
6, 7, 4, 22
2, 2, 38, 9
3, 10, 1, 49
5, 16, 5, 43
8, 8, 11, 27
7, 10, 2, 72
6, 6, 12, 10
4, 2, 19, 51
0, 8, 12, 61
1, 5, 24, 73
7, 10, 33, 31
2, 8, 8, 72
9, 13, 29, 51
0, 4, 39, 60
8, 4, 20, 28
5, 0, 10, 64
6, 16, 14, 0
6, 5, 13, 29
8, 6, 12, 40
4, 5, 33, 76
8, 2, 17, 13
1, 13, 1, 35
7, 14, 7, 52
5, 13, 35, 74
2, 1, 18, 56
9, 18, 4, 27
6, 2, 2, 72
9, 11, 2, 25
6, 9, 21, 46
9, 19, 24, 67
1, 10, 10, 54
1, 10, 9, 59
3, 1, 14, 73
8, 9, 1, 12
5, 8, 22, 68
7, 6, 20, 9
3, 4, 14, 5
4, 2, 27, 40
2, 17, 14, 11
6, 18, 40, 21
5, 17, 33, 23
7, 19, 22, 55
4, 12, 27, 73
0, 4, 23, 73
3, 17, 38, 11
2, 2, 24, 14
5, 18, 18, 43
3, 5, 28, 75
7, 12, 30, 50
7, 8, 33, 13
1, 9, 30, 24
7, 6, 1, 14
5, 14, 30, 24
9, 5, 8, 80
4, 10, 5, 59
9, 3, 29, 32
6, 13, 29, 62
7, 8, 14, 36
4, 13, 31, 8
6, 14, 19, 79
9, 8, 9, 11
4, 13, 10, 75
6, 4, 25, 50
7, 12, 13, 27
1, 0, 11, 17
1, 18, 10, 40
3, 14, 34, 67
3, 11, 37, 23
9, 11, 13, 3
6, 16, 15, 36
7, 15, 7, 3
8, 8, 40, 19
7, 19, 15, 67
2, 11, 29, 49
4, 11, 25, 61
4, 15, 36, 79
2, 5, 13, 27
7, 19, 36, 66
9, 20, 12, 3
7, 18, 40, 44
4, 5, 5, 56
7, 5, 18, 34
4, 17, 37, 62
5, 2, 11, 25
6, 20, 16, 9
7, 9, 19, 8
8, 16, 31, 4
2, 2, 30, 21
1, 6, 3, 55
6, 13, 37, 51
6, 14, 34, 3
2, 2, 26, 7
6, 1, 9, 23
4, 18, 23, 79
7, 11, 18, 5
4, 4, 19, 8
0, 0, 36, 13
3, 2, 24, 19
2, 17, 37, 80
9, 5, 3, 78
1, 5, 32, 36
5, 5, 24, 66
9, 6, 37, 53
9, 6, 40, 66
8, 19, 7, 27
9, 10, 18, 1
0, 18, 25, 29
1, 19, 18, 79
9, 13, 21, 59
5, 10, 15, 46
6, 17, 30, 63
5, 0, 26, 45
3, 20, 1, 64
4, 5, 1, 61
3, 15, 5, 61
0, 18, 26, 22
1, 14, 39, 29
3, 6, 6, 44
7, 18, 2, 58
9, 15, 29, 6
6, 9, 10, 71
6, 11, 1, 75
9, 15, 35, 23
2, 19, 30, 54
7, 19, 9, 1
9, 7, 10, 55
9, 4, 26, 54
0, 15, 39, 18
1, 19, 3, 28
6, 13, 4, 54
6, 19, 12, 58
1, 1, 12, 62
2, 3, 2, 39
0, 15, 16, 34
6, 15, 16, 33
5, 9, 39, 58
9, 0, 9, 0
8, 19, 31, 43
6, 3, 32, 56
6, 11, 16, 58
6, 20, 24, 78
0, 19, 4, 1
8, 16, 16, 21
6, 16, 18, 47
1, 17, 38, 30
9, 10, 7, 23
6, 18, 38, 9
1, 13, 10, 68
2, 3, 14, 71
2, 6, 12, 64
4, 2, 16, 20
2, 18, 36, 33
1, 0, 32, 66
8, 10, 31, 10
0, 4, 38, 63
1, 18, 1, 41
1, 8, 38, 13
8, 4, 8, 41
9, 7, 8, 62
3, 16, 32, 47
7, 7, 9, 3
7, 18, 7, 55
7, 9, 27, 11
2, 19, 33, 74
3, 1, 40, 18
0, 4, 19, 61
5, 2, 17, 52
2, 2, 24, 73
8, 7, 4, 73
2, 11, 36, 47
9, 6, 29, 50
5, 11, 40, 58
5, 13, 0, 79
0, 19, 17, 6
1, 17, 16, 36
0, 17, 25, 78
8, 16, 36, 15
4, 13, 15, 73
3, 4, 26, 57
2, 12, 18, 64
2, 17, 37, 67
1, 5, 32, 15
2, 14, 23, 21
1, 0, 33, 38
5, 16, 13, 71
2, 9, 15, 55
5, 11, 30, 66
9, 20, 37, 69
3, 9, 40, 70
5, 14, 16, 65
7, 19, 25, 28
9, 19, 27, 32
8, 17, 24, 2
2, 13, 2, 34
3, 2, 8, 71
2, 10, 15, 74
9, 18, 19, 71
1, 2, 12, 65
5, 6, 22, 50
8, 17, 0, 22
4, 5, 23, 28
6, 17, 33, 36
3, 14, 6, 44
2, 7, 9, 53
2, 2, 17, 38
5, 16, 23, 50
9, 20, 19, 73
2, 4, 6, 80
2, 14, 1, 76
8, 15, 19, 8
2, 4, 7, 9
9, 14, 13, 72
5, 13, 8, 67
0, 0, 37, 2
1, 0, 6, 38
4, 7, 39, 2
5, 0, 6, 79
5, 13, 6, 68
4, 7, 29, 29
5, 4, 27, 3
3, 11, 2, 61
0, 20, 30, 20
6, 4, 17, 59
0, 3, 35, 72
5, 8, 30, 1
9, 1, 7, 59
5, 10, 35, 20
4, 6, 14, 45
2, 3, 0, 50
4, 9, 21, 75
6, 16, 32, 53
8, 6, 34, 17
9, 7, 12, 15
4, 3, 38, 3
0, 19, 31, 4
2, 2, 20, 40
2, 18, 2, 46
8, 9, 29, 15
9, 18, 25, 4
6, 12, 22, 11
4, 8, 11, 77
1, 6, 25, 21
8, 2, 22, 59
8, 13, 26, 31
4, 20, 37, 22
9, 0, 23, 9
2, 17, 38, 36
6, 1, 17, 16
4, 14, 0, 3
6, 11, 0, 53
6, 13, 22, 74
6, 8, 35, 46
5, 20, 19, 75
6, 5, 38, 57
1, 10, 9, 14
4, 7, 36, 63
3, 3, 26, 1
1, 11, 40, 41
9, 6, 6, 79
5, 7, 8, 28
6, 12, 36, 76
6, 12, 13, 20
2, 4, 10, 3
9, 20, 20, 2
7, 8, 38, 58
7, 9, 33, 41
8, 3, 25, 38
7, 4, 10, 23
3, 15, 19, 31
2, 12, 22, 56
1, 16, 27, 35
9, 20, 39, 8
8, 2, 10, 50
7, 19, 6, 10
4, 10, 21, 45
1, 6, 29, 46
0, 10, 40, 40
3, 15, 40, 54
8, 6, 7, 54
7, 15, 2, 77
7, 11, 37, 32
5, 20, 0, 52
3, 18, 10, 9
1, 15, 5, 37
8, 17, 31, 13
3, 4, 7, 43
0, 12, 33, 48
2, 5, 30, 37
4, 7, 11, 12
1, 1, 36, 43
9, 18, 22, 51
3, 0, 20, 62
5, 14, 34, 68
3, 8, 38, 37
8, 12, 23, 20
6, 15, 22, 51
9, 7, 6, 78
4, 16, 34, 49
5, 18, 27, 56
0, 1, 25, 67
6, 16, 15, 46
6, 14, 6, 16
4, 8, 40, 36
0, 14, 13, 26
7, 2, 16, 54
1, 18, 34, 22
1, 1, 16, 69
0, 4, 39, 9
7, 13, 18, 21
0, 6, 15, 67
6, 1, 0, 40
0, 4, 37, 24
9, 10, 39, 5
7, 0, 37, 26
0, 11, 10, 59
5, 20, 21, 65
1, 19, 6, 50
4, 20, 16, 12
3, 2, 6, 23
4, 11, 9, 44
1, 19, 39, 20
6, 14, 36, 0
8, 7, 30, 20
5, 10, 32, 4
0, 18, 15, 62
5, 18, 1, 44
9, 3, 2, 36
3, 20, 39, 33
8, 12, 25, 56
6, 8, 4, 25
6, 7, 32, 5
7, 10, 15, 0
8, 7, 30, 21
3, 11, 3, 13
4, 4, 9, 21
7, 11, 18, 68
1, 13, 25, 10
6, 12, 35, 2
6, 17, 40, 66
6, 8, 6, 9
1, 14, 25, 51
6, 8, 11, 80
4, 10, 10, 53
8, 18, 22, 72
9, 13, 15, 8
9, 7, 33, 19
8, 5, 17, 63
9, 3, 30, 65
1, 14, 22, 21
2, 5, 5, 49
5, 20, 0, 80
4, 18, 30, 46
1, 1, 26, 74
3, 6, 19, 36
9, 15, 30, 5
5, 0, 39, 8
4, 19, 34, 13
9, 18, 27, 74
6, 14, 27, 23
6, 3, 12, 50
1, 2, 34, 1
8, 10, 40, 61
0, 19, 29, 4
6, 20, 5, 52
7, 9, 10, 19
4, 13, 24, 14
0, 7, 5, 78
2, 19, 25, 63
3, 16, 29, 11
4, 18, 2, 72
4, 19, 4, 55
6, 18, 4, 54
1, 13, 31, 69
4, 20, 31, 30
1, 7, 39, 26
4, 5, 39, 73
7, 8, 2, 5
7, 7, 0, 42
2, 20, 37, 40
9, 4, 7, 20
2, 12, 24, 76
6, 1, 12, 34
1, 14, 12, 5
0, 6, 39, 10
6, 2, 40, 58
5, 10, 28, 62
7, 6, 17, 18
5, 18, 9, 38
4, 11, 26, 24
5, 15, 32, 59
9, 18, 28, 63
8, 14, 31, 35
0, 9, 13, 70
8, 2, 19, 28
4, 1, 32, 45
9, 11, 37, 55
4, 5, 7, 56
5, 6, 5, 6
7, 8, 0, 27
4, 1, 1, 40
8, 5, 10, 7
4, 8, 17, 67
5, 6, 4, 29
2, 5, 22, 74
3, 12, 29, 69
9, 13, 11, 59
5, 12, 39, 70
7, 14, 15, 44
6, 9, 4, 56
8, 2, 30, 49
0, 0, 26, 62
7, 8, 16, 77
6, 20, 8, 36
5, 2, 3, 66
8, 5, 39, 45
4, 14, 33, 68
3, 7, 14, 53
4, 12, 23, 53
9, 7, 25, 38
6, 0, 2, 18
8, 2, 18, 31
8, 13, 20, 58
4, 16, 25, 64
4, 0, 20, 14
6, 10, 2, 17
6, 9, 24, 8
5, 4, 5, 63
3, 14, 4, 57
4, 19, 16, 38
0, 7, 35, 59
3, 12, 18, 25
0, 1, 1, 15
0, 19, 17, 18
9, 17, 18, 6
9, 10, 27, 57
1, 8, 1, 56
3, 1, 16, 51
7, 14, 30, 46
8, 11, 19, 26
9, 14, 34, 55
3, 13, 15, 19
4, 13, 9, 42
6, 20, 5, 80
2, 8, 37, 17
8, 1, 17, 1
6, 0, 10, 49
3, 8, 20, 40
3, 18, 4, 47
7, 19, 23, 80
2, 13, 16, 31
1, 1, 9, 10
3, 5, 3, 7
6, 7, 31, 65
6, 11, 11, 72
0, 17, 7, 49
9, 13, 8, 44
9, 9, 33, 78
8, 15, 21, 57
3, 7, 4, 19
0, 1, 11, 41
2, 8, 6, 56
6, 2, 3, 3
4, 11, 16, 17
8, 4, 14, 10
0, 11, 26, 28
6, 16, 30, 2
8, 8, 3, 5
3, 0, 22, 16
5, 3, 9, 76
9, 3, 35, 80
2, 4, 36, 32
6, 5, 12, 27
7, 8, 15, 42
4, 7, 15, 34
0, 7, 40, 2
8, 7, 23, 32
3, 0, 29, 73
4, 3, 38, 61
2, 17, 17, 15
4, 0, 17, 78
3, 16, 30, 24
0, 2, 31, 41
3, 3, 15, 35
1, 14, 25, 25
7, 2, 17, 66
1, 3, 9, 4
1, 0, 29, 57
1, 20, 0, 50
7, 2, 1, 42
6, 13, 9, 44
6, 5, 13, 53
2, 9, 15, 9
5, 11, 23, 26
8, 3, 2, 21
7, 15, 30, 46
7, 14, 37, 7
1, 5, 16, 62
9, 5, 15, 80
1, 8, 34, 78
6, 7, 32, 41
7, 1, 16, 16
0, 1, 4, 6
9, 17, 31, 26
5, 14, 23, 60
9, 0, 29, 30
7, 16, 8, 20
0, 17, 2, 35
3, 16, 9, 14
2, 18, 0, 67
5, 5, 6, 76
2, 7, 30, 71
0, 7, 19, 36
2, 18, 30, 62
5, 11, 35, 71
2, 6, 15, 76
0, 7, 10, 48
5, 18, 15, 32
6, 17, 4, 33
6, 15, 9, 69
3, 18, 31, 45
1, 12, 28, 14
3, 4, 18, 0
7, 14, 32, 75
7, 4, 27, 78
0, 0, 7, 17
8, 18, 13, 45
6, 9, 30, 17
1, 5, 8, 60
8, 17, 32, 47
7, 10, 4, 20
9, 16, 8, 36
0, 7, 4, 12
7, 19, 30, 63
9, 2, 17, 67
5, 16, 14, 47
1, 2, 22, 58
1, 16, 5, 75
7, 19, 20, 72
5, 1, 31, 20
9, 18, 39, 32
9, 0, 31, 71
8, 3, 0, 11
6, 0, 25, 62
0, 7, 9, 33
0, 4, 39, 16
3, 11, 14, 80
3, 9, 11, 34
9, 4, 25, 46
3, 16, 32, 78
1, 18, 9, 34
6, 14, 26, 32
3, 10, 0, 19
7, 7, 0, 9
0, 19, 11, 31
8, 11, 24, 8
2, 0, 18, 5
1, 5, 28, 13
2, 13, 24, 74
7, 5, 13, 38
8, 0, 16, 80
6, 3, 30, 40
4, 5, 32, 15
1, 14, 30, 42
8, 20, 23, 71
3, 18, 5, 42
0, 2, 23, 7
3, 12, 0, 52
5, 15, 29, 34
6, 20, 30, 66
0, 13, 11, 77
0, 1, 28, 14
7, 3, 32, 51
4, 11, 39, 32
1, 7, 39, 27
8, 9, 24, 46
3, 0, 23, 3
8, 7, 7, 28
5, 9, 10, 59
4, 4, 40, 24
3, 1, 0, 55
1, 4, 10, 14
1, 14, 25, 22
1, 18, 7, 32
7, 5, 34, 43
8, 3, 14, 36
1, 12, 16, 25
1, 0, 9, 53
3, 15, 32, 29
2, 16, 34, 68
0, 1, 1, 35
2, 18, 2, 27
2, 4, 37, 70
4, 6, 10, 49
3, 9, 14, 58
0, 18, 1, 42
4, 4, 16, 24
2, 4, 14, 43
5, 20, 30, 16
5, 2, 7, 16
3, 16, 37, 14
6, 2, 17, 75
6, 2, 8, 10
5, 9, 38, 55
8, 13, 34, 33
1, 20, 16, 52
5, 0, 35, 59
4, 9, 39, 44
3, 0, 23, 72
4, 14, 20, 56
7, 8, 17, 34
8, 0, 14, 8
0, 18, 20, 21
2, 2, 27, 70
1, 6, 39, 65
5, 6, 32, 54
0, 12, 22, 15
9, 9, 29, 69
6, 6, 10, 49
1, 14, 2, 63
4, 20, 34, 28
1, 15, 21, 53
7, 19, 1, 22
5, 5, 1, 66
1, 10, 20, 70
0, 11, 27, 10
1, 10, 13, 37
6, 9, 20, 75
2, 17, 32, 3
3, 12, 36, 63
6, 17, 38, 8
5, 16, 9, 7
2, 8, 4, 21
0, 14, 18, 73
9, 0, 4, 80
0, 17, 26, 55
3, 19, 21, 10
8, 5, 37, 5
3, 12, 16, 74
4, 8, 24, 6
1, 15, 20, 60
0, 6, 25, 52
6, 13, 22, 67
5, 2, 7, 72
8, 17, 22, 40
0, 0, 5, 31
4, 18, 5, 7
3, 6, 8, 42
8, 0, 8, 70
3, 3, 29, 31
3, 11, 31, 4
3, 12, 15, 9
6, 0, 18, 68
0, 13, 16, 79
9, 6, 24, 6
9, 2, 13, 80
0, 15, 26, 72
8, 8, 34, 58
3, 9, 31, 11
7, 1, 28, 72
5, 13, 6, 4
3, 1, 28, 49
7, 0, 29, 80
1, 15, 28, 35
1, 3, 17, 44
1, 9, 29, 45
7, 3, 0, 65
5, 10, 20, 31
6, 7, 29, 6
7, 5, 21, 59
7, 13, 1, 77
7, 2, 12, 77
0, 2, 2, 23
0, 5, 1, 24
7, 1, 25, 72
7, 19, 4, 60
7, 5, 16, 33
5, 5, 3, 36
5, 10, 5, 31
8, 20, 16, 8
9, 15, 16, 45
8, 16, 0, 29
7, 11, 24, 34
6, 20, 37, 43
0, 4, 15, 51
4, 20, 18, 42
4, 5, 12, 42
6, 4, 3, 8
7, 0, 37, 61
3, 2, 19, 40
7, 5, 27, 32
6, 8, 8, 25
6, 3, 0, 51
6, 16, 29, 27
1, 10, 1, 4
2, 19, 15, 63
1, 19, 29, 36
9, 11, 32, 2
0, 3, 39, 55
6, 6, 35, 38
6, 0, 24, 3
9, 7, 1, 11
5, 19, 12, 7
0, 18, 6, 16
5, 12, 37, 39
4, 3, 40, 47
8, 4, 6, 4
0, 3, 10, 53
6, 7, 33, 35
2, 11, 24, 44
2, 16, 28, 26
6, 18, 13, 45
8, 13, 32, 61
0, 10, 22, 9
1, 16, 30, 23
3, 1, 1, 39
2, 10, 14, 27
3, 19, 27, 54
8, 20, 13, 31
8, 19, 26, 67
1, 11, 19, 5
4, 13, 3, 11
1, 1, 4, 56
8, 0, 12, 0
6, 5, 13, 21
3, 17, 9, 52
4, 5, 34, 29
6, 3, 6, 41
5, 3, 7, 43
4, 9, 14, 23
6, 16, 20, 22
5, 10, 19, 16
2, 15, 8, 16
6, 18, 14, 42
4, 7, 33, 47
5, 7, 16, 15
3, 18, 18, 61
3, 5, 28, 5
2, 7, 7, 29
9, 20, 22, 11
4, 4, 15, 61
0, 4, 16, 44
9, 17, 7, 72
0, 16, 27, 56
7, 15, 33, 33
1, 16, 16, 24
6, 6, 11, 78
0, 18, 19, 45
1, 13, 2, 67
5, 7, 9, 77
4, 20, 10, 25
7, 3, 35, 76
3, 7, 7, 23
5, 1, 29, 77
1, 8, 13, 28
1, 15, 37, 75
5, 9, 13, 41
5, 16, 5, 8
8, 0, 3, 56
5, 16, 2, 20
6, 14, 29, 48
3, 18, 32, 0
1, 0, 4, 12
7, 14, 33, 27
7, 5, 26, 3
5, 1, 34, 67
8, 20, 21, 79
8, 18, 24, 25
1, 0, 21, 38
2, 19, 3, 44
2, 20, 24, 0
0, 5, 25, 42
3, 13, 15, 9
6, 18, 34, 35
6, 0, 15, 70
8, 5, 33, 6
8, 12, 11, 5
6, 13, 19, 21
0, 20, 20, 15
7, 11, 25, 39
2, 6, 24, 64
1, 15, 25, 29
9, 7, 23, 51
4, 18, 3, 62
9, 18, 4, 16
4, 4, 16, 13
4, 0, 22, 4
5, 15, 1, 6
6, 11, 31, 22
3, 20, 31, 23
7, 19, 20, 40
7, 15, 20, 6
0, 12, 22, 44
2, 19, 18, 2
7, 11, 25, 60
5, 3, 39, 29
3, 10, 18, 53
4, 14, 10, 51
8, 19, 33, 66
6, 10, 3, 6
3, 15, 15, 7
6, 2, 10, 66
5, 19, 6, 16
9, 8, 15, 22
0, 18, 13, 66
6, 3, 35, 37
3, 4, 13, 34
6, 18, 16, 75
8, 3, 35, 24
0, 17, 13, 23
9, 0, 21, 78
0, 0, 4, 49
4, 0, 20, 48
7, 19, 19, 31
4, 12, 9, 27
7, 3, 2, 55
5, 14, 18, 6
9, 9, 28, 59
3, 17, 31, 31
2, 8, 34, 57
9, 16, 3, 73
6, 11, 16, 14
4, 0, 28, 38
6, 17, 14, 76
7, 17, 27, 53
1, 7, 17, 52
9, 6, 33, 16
5, 2, 18, 35
6, 13, 0, 4
7, 18, 35, 75
2, 16, 23, 18
9, 16, 21, 70
4, 11, 0, 62
7, 15, 14, 4
9, 14, 26, 45
7, 0, 18, 24
4, 5, 31, 44
7, 17, 25, 32
6, 20, 31, 58
8, 14, 6, 53
9, 0, 16, 22
1, 10, 9, 30
9, 3, 34, 47
0, 18, 27, 79
5, 12, 5, 30
0, 10, 39, 73
5, 17, 24, 49
9, 15, 7, 20
5, 12, 16, 46
6, 7, 31, 1
1, 1, 3, 43
8, 10, 14, 71
3, 5, 3, 46
2, 0, 12, 40
9, 20, 17, 64
6, 1, 26, 7
7, 17, 8, 52
3, 12, 23, 19
0, 4, 29, 9
8, 6, 15, 50
8, 13, 28, 77
2, 19, 34, 44
4, 20, 30, 52
7, 13, 30, 68
1, 9, 3, 63
3, 12, 34, 48
2, 11, 15, 3
6, 10, 32, 27
6, 18, 3, 65
4, 0, 37, 30
1, 15, 13, 76
3, 13, 21, 22
4, 2, 40, 73
5, 4, 10, 5
0, 4, 10, 46
1, 12, 33, 68
7, 19, 6, 24
9, 6, 12, 25
1, 6, 27, 4
9, 11, 35, 57
5, 0, 16, 24
2, 6, 38, 43
2, 15, 28, 60
9, 14, 12, 46
0, 8, 2, 67
5, 5, 28, 38
8, 14, 12, 17
3, 16, 14, 51
5, 19, 1, 12
4, 4, 40, 38
7, 8, 1, 50
6, 20, 39, 42
2, 3, 24, 55
0, 10, 14, 4
1, 10, 35, 52
4, 19, 7, 9
1, 15, 5, 8
1, 0, 36, 78
7, 8, 31, 43
2, 9, 26, 42
2, 18, 15, 26
2, 14, 29, 64
9, 11, 35, 58
2, 16, 15, 53
7, 13, 10, 66
9, 7, 29, 25
7, 17, 7, 27
2, 4, 7, 34
2, 11, 13, 32
2, 20, 19, 37
1, 8, 26, 14
1, 11, 36, 6
0, 6, 19, 15
5, 10, 7, 22
6, 4, 21, 60
7, 8, 22, 77
1, 19, 16, 49
2, 14, 34, 29
9, 3, 26, 34
1, 18, 10, 67
9, 12, 3, 34
1, 2, 39, 70
8, 18, 10, 29
2, 3, 12, 25
5, 20, 11, 1
6, 3, 9, 61
0, 4, 4, 17
6, 18, 1, 1
4, 16, 34, 35
7, 0, 31, 17
9, 14, 14, 63
3, 4, 14, 17
8, 20, 10, 3
6, 1, 24, 59
5, 2, 8, 56
5, 13, 16, 30
2, 5, 23, 39
5, 8, 34, 51
4, 10, 28, 9
0, 14, 31, 17
0, 7, 37, 39
1, 1, 28, 17
8, 6, 23, 73
8, 2, 32, 62
5, 16, 11, 0
5, 4, 8, 13
2, 19, 16, 48
9, 13, 0, 21
7, 16, 5, 65
5, 15, 39, 40
8, 16, 25, 52
5, 17, 11, 52
4, 13, 29, 39
6, 12, 11, 16
8, 1, 1, 7
2, 4, 32, 70
1, 1, 20, 9
1, 9, 36, 67
9, 8, 20, 65
2, 7, 12, 33
1, 15, 13, 36
1, 7, 12, 62
1, 17, 25, 14
7, 5, 36, 56
4, 16, 19, 15
3, 9, 16, 21
5, 4, 4, 60
9, 20, 13, 59
5, 7, 27, 66
1, 17, 1, 17
8, 11, 16, 12
2, 16, 25, 70
8, 14, 28, 51
9, 17, 18, 0
4, 11, 32, 10
3, 12, 38, 50
3, 18, 40, 53
0, 4, 30, 53
5, 18, 24, 77
4, 10, 29, 30
4, 12, 30, 52
7, 14, 4, 25
6, 16, 5, 77
1, 14, 26, 33
3, 15, 33, 31
9, 15, 30, 58
9, 0, 40, 42
5, 5, 18, 61
0, 13, 17, 78
6, 6, 34, 39
7, 6, 3, 72
3, 12, 12, 64
5, 7, 40, 36
4, 13, 3, 61
0, 11, 6, 74
3, 4, 26, 22
0, 2, 7, 14
3, 7, 30, 46
1, 9, 8, 58
7, 6, 19, 3
6, 16, 6, 6
1, 3, 14, 5
0, 8, 26, 44
4, 12, 9, 34
4, 11, 14, 25
5, 17, 30, 58
6, 17, 19, 38
7, 10, 11, 42
0, 11, 28, 27
5, 13, 35, 56
1, 4, 40, 70
4, 18, 13, 16
9, 9, 38, 27
6, 19, 32, 21
9, 11, 32, 38
4, 13, 30, 70
3, 8, 31, 49
7, 6, 6, 20
9, 15, 20, 55
0, 4, 22, 22
9, 2, 1, 67
6, 19, 26, 47
0, 13, 14, 4
7, 11, 17, 69
3, 16, 34, 73
1, 17, 9, 7
8, 5, 1, 21
2, 1, 15, 76
3, 18, 22, 74
5, 4, 35, 65
1, 12, 20, 3
0, 13, 0, 27
1, 10, 17, 33
3, 16, 27, 22
9, 19, 23, 57
1, 15, 25, 19
8, 17, 33, 14
8, 0, 6, 47
0, 13, 39, 4
3, 15, 2, 74
1, 15, 39, 58
1, 8, 11, 40
1, 12, 27, 13
5, 11, 36, 21
0, 10, 19, 0
6, 18, 26, 44
2, 3, 15, 30
3, 18, 19, 36
0, 12, 21, 15
4, 19, 32, 14
5, 20, 38, 25
9, 19, 30, 36
9, 20, 24, 51
4, 11, 35, 67
0, 9, 15, 19
1, 14, 23, 72
3, 9, 38, 14
7, 13, 17, 43
2, 0, 10, 16
8, 4, 9, 55
1, 12, 12, 38
9, 13, 3, 52
4, 14, 39, 58
8, 5, 39, 4
5, 12, 14, 22
3, 5, 28, 37
6, 11, 4, 14
4, 15, 16, 43
5, 3, 0, 67
9, 19, 33, 37
6, 14, 12, 23
8, 13, 7, 63
3, 11, 14, 13
2, 13, 40, 69
8, 3, 30, 34
9, 5, 11, 20
2, 15, 3, 8
7, 20, 40, 45
7, 5, 21, 16
0, 19, 23, 74
5, 18, 22, 51
3, 3, 8, 17
5, 1, 4, 28
3, 7, 23, 36
8, 8, 23, 36
0, 8, 33, 2
1, 5, 22, 1
7, 13, 32, 0
3, 18, 28, 13
1, 9, 22, 49
8, 3, 35, 7
2, 20, 14, 13
3, 15, 17, 70
5, 14, 21, 35
8, 13, 10, 4
2, 5, 13, 2
7, 15, 3, 17
9, 20, 31, 80
6, 15, 0, 71
2, 4, 20, 61
7, 5, 28, 38
9, 7, 3, 9
2, 17, 15, 23
2, 15, 16, 52
6, 20, 22, 19
4, 13, 24, 11
0, 19, 29, 34
5, 2, 15, 18
1, 17, 28, 67
9, 4, 2, 3
9, 11, 16, 54
5, 7, 12, 4
7, 2, 35, 22
5, 4, 26, 34
8, 12, 7, 22
2, 10, 9, 44
0, 6, 14, 50
9, 1, 26, 59
8, 13, 16, 33
2, 18, 33, 44
1, 17, 11, 74
3, 13, 32, 52
5, 13, 18, 73
7, 12, 29, 76
7, 3, 10, 36
5, 8, 7, 60
4, 3, 26, 63
2, 10, 37, 65
7, 8, 19, 44
0, 16, 39, 61
1, 12, 16, 40
2, 20, 11, 79
9, 2, 26, 64
2, 7, 6, 39
5, 5, 6, 75
6, 19, 2, 12
6, 1, 32, 79
1, 19, 10, 23
4, 20, 24, 52
6, 15, 19, 30
9, 4, 26, 70
4, 14, 26, 16
2, 15, 16, 34
8, 9, 27, 17
4, 20, 17, 43
6, 15, 13, 49
8, 9, 33, 20
6, 7, 2, 10
7, 9, 14, 69
3, 0, 8, 9
5, 7, 0, 58
4, 15, 1, 32
9, 11, 12, 15
4, 7, 34, 36
5, 13, 2, 69
7, 3, 25, 46
8, 4, 21, 57
5, 18, 2, 40
3, 12, 18, 7
6, 13, 31, 69
2, 20, 28, 79
7, 20, 4, 5
1, 3, 27, 15
3, 1, 20, 9
7, 17, 5, 52
9, 9, 26, 32
7, 17, 2, 54
7, 3, 19, 43
5, 1, 27, 47
4, 7, 3, 78
2, 15, 18, 63
0, 0, 13, 29
9, 15, 22, 22
6, 18, 20, 77
1, 13, 14, 0
0, 2, 40, 33
7, 5, 0, 11
7, 2, 40, 66
7, 9, 30, 53
5, 19, 39, 67
9, 17, 21, 14
2, 17, 28, 54
1, 0, 29, 75
5, 13, 28, 16
9, 5, 0, 59
4, 20, 33, 59
4, 13, 17, 30
9, 6, 15, 16
4, 1, 7, 51
3, 20, 30, 75
6, 10, 30, 35
7, 7, 14, 22
2, 20, 34, 56
5, 11, 38, 53
2, 16, 5, 47
1, 3, 7, 29
1, 17, 33, 65
5, 7, 30, 50
0, 3, 15, 73
2, 1, 6, 26
6, 19, 31, 45
0, 18, 3, 32
3, 14, 8, 12
2, 8, 31, 51
7, 8, 16, 65
6, 11, 31, 53
3, 20, 14, 28
6, 3, 21, 23
7, 8, 13, 19
2, 16, 7, 22
2, 3, 10, 39
5, 20, 15, 28
2, 5, 25, 45
0, 11, 32, 35
7, 2, 32, 58
5, 13, 36, 49
4, 7, 1, 31
2, 7, 39, 13
4, 10, 8, 10
4, 19, 6, 74
1, 3, 0, 5
6, 14, 9, 60
7, 0, 33, 36
8, 17, 29, 55
7, 10, 35, 6
9, 4, 32, 46
9, 10, 19, 23
3, 7, 36, 16
0, 13, 33, 59
5, 2, 4, 43
3, 14, 6, 10
2, 17, 32, 65
4, 2, 24, 12
9, 0, 31, 56
8, 19, 3, 27
7, 19, 17, 61
5, 1, 24, 62
4, 15, 30, 76
4, 0, 5, 56
6, 11, 24, 57
5, 17, 22, 78
8, 18, 12, 67
4, 4, 27, 59
9, 1, 15, 42
5, 16, 19, 23
5, 0, 10, 66
9, 18, 16, 56
4, 10, 28, 50
6, 5, 8, 53
0, 6, 13, 49
4, 3, 37, 74
4, 16, 11, 75
6, 12, 17, 42
9, 10, 14, 73
8, 14, 15, 6
3, 5, 18, 19
1, 4, 29, 29
1, 10, 19, 4
1, 5, 21, 39
7, 15, 38, 10
6, 3, 1, 40
8, 7, 20, 59
4, 9, 27, 53
6, 16, 21, 21
9, 11, 29, 63
5, 16, 4, 12
6, 20, 18, 73
7, 7, 24, 14
4, 16, 1, 2
3, 14, 17, 11
1, 15, 28, 79
7, 6, 16, 60
1, 19, 13, 23
3, 3, 35, 67
6, 3, 15, 41
0, 17, 29, 30
0, 15, 17, 13
7, 20, 15, 77
1, 16, 20, 51
2, 12, 5, 66
2, 20, 28, 26
6, 8, 34, 49
1, 3, 37, 17
7, 13, 30, 67
9, 2, 40, 10
7, 5, 10, 1
1, 7, 32, 9
1, 5, 34, 11
4, 13, 3, 65
1, 16, 29, 76
8, 10, 6, 31
2, 16, 22, 48
2, 9, 6, 23
8, 3, 37, 9
6, 16, 6, 29
9, 8, 26, 30
1, 11, 18, 78
7, 11, 11, 73
7, 5, 15, 28
6, 17, 39, 41
7, 8, 11, 50
2, 5, 22, 75
8, 17, 16, 27
8, 6, 20, 40
8, 19, 37, 29
2, 12, 7, 10
9, 1, 13, 26
3, 6, 23, 27
6, 11, 8, 72
4, 1, 2, 56
7, 20, 37, 26
6, 17, 33, 35
8, 0, 16, 40
0, 12, 13, 50
0, 19, 14, 49
8, 8, 21, 68
8, 3, 20, 28
6, 15, 6, 55
5, 13, 8, 51
6, 12, 7, 29
6, 2, 24, 6
2, 15, 38, 2
0, 16, 20, 33
7, 20, 34, 34
3, 9, 39, 30
5, 9, 23, 43
0, 13, 20, 69
6, 17, 17, 52
5, 13, 18, 75
2, 3, 13, 10
6, 7, 10, 20
9, 13, 40, 39
0, 8, 9, 59
2, 12, 35, 67
2, 14, 21, 42
4, 20, 40, 68
3, 20, 24, 68
7, 4, 3, 42
6, 11, 23, 48
0, 13, 13, 53
4, 10, 40, 56
3, 19, 2, 41
7, 17, 15, 2
9, 11, 9, 30
1, 16, 19, 3
4, 20, 6, 0
2, 15, 10, 59
3, 9, 8, 67
4, 7, 14, 53
2, 18, 18, 21
0, 0, 8, 47
6, 0, 25, 42
3, 15, 3, 73
2, 7, 20, 45
2, 6, 29, 25
2, 4, 28, 2
9, 1, 0, 47
5, 15, 6, 33
7, 6, 14, 59
4, 12, 39, 68
2, 1, 36, 59
4, 3, 28, 47
8, 2, 30, 67
0, 19, 37, 51
1, 14, 4, 61
9, 19, 23, 3
5, 9, 26, 19
2, 4, 19, 75
3, 2, 27, 29
3, 11, 17, 59
1, 14, 9, 73
1, 0, 27, 57
9, 1, 24, 29
4, 10, 11, 76
4, 0, 20, 53
1, 4, 4, 52
6, 18, 22, 72
2, 13, 22, 55
3, 4, 24, 51
1, 17, 18, 63
5, 2, 18, 9
5, 4, 12, 49
1, 10, 19, 25
1, 17, 30, 1
5, 9, 8, 39
3, 20, 4, 67
8, 20, 2, 26
9, 10, 30, 3
5, 7, 29, 44
3, 1, 30, 8
4, 16, 8, 37
1, 17, 5, 65
7, 4, 13, 5
9, 18, 3, 63
9, 3, 21, 2
1, 4, 35, 46
7, 3, 18, 63
8, 16, 3, 67
1, 13, 37, 73
1, 5, 31, 76
0, 20, 19, 36
6, 11, 8, 74
8, 15, 32, 3
0, 6, 12, 41
7, 7, 17, 2
9, 15, 2, 26
0, 0, 24, 23
1, 3, 7, 19
2, 12, 32, 32
0, 0, 17, 51
8, 5, 19, 29
2, 5, 37, 42
1, 1, 13, 2
3, 9, 8, 14
9, 2, 21, 64
3, 16, 30, 50
2, 7, 24, 66
1, 8, 29, 28
2, 16, 8, 7
8, 8, 16, 35
9, 14, 40, 40
4, 16, 38, 42
1, 17, 18, 18
7, 17, 38, 33
7, 3, 10, 68
0, 8, 12, 42
2, 20, 7, 61
6, 5, 16, 64
8, 6, 6, 2
4, 5, 27, 45
7, 20, 31, 22
1, 3, 34, 25
8, 18, 31, 10
6, 13, 4, 30
4, 4, 39, 76
9, 0, 35, 33
9, 2, 2, 2
0, 1, 27, 54
2, 8, 30, 34
8, 12, 16, 55
3, 4, 28, 25
3, 3, 16, 11
7, 11, 32, 33
5, 11, 29, 0
7, 2, 31, 22
1, 19, 34, 12
4, 12, 15, 51
2, 18, 21, 5
3, 7, 8, 30
1, 12, 37, 30
6, 1, 2, 6
4, 1, 30, 58
2, 6, 10, 34
5, 7, 29, 42
2, 16, 37, 69
5, 17, 26, 12
1, 2, 35, 57
5, 4, 8, 3
6, 6, 16, 2
5, 15, 17, 42
3, 7, 23, 32
0, 8, 29, 43
5, 13, 25, 25
9, 4, 4, 6
9, 1, 37, 77
6, 11, 34, 42
2, 14, 3, 43
3, 8, 31, 67
6, 4, 21, 34
9, 1, 4, 44
7, 6, 40, 55
0, 7, 12, 40
7, 1, 28, 2
4, 6, 13, 16
9, 8, 18, 69
5, 17, 4, 19
4, 9, 10, 37
2, 5, 5, 28
9, 7, 8, 22
2, 2, 37, 46
2, 20, 13, 10
8, 8, 7, 75
5, 5, 38, 69
1, 9, 16, 12
1, 14, 12, 28
6, 8, 28, 35
9, 16, 14, 53
0, 11, 40, 74
0, 13, 16, 51
7, 9, 22, 24
2, 19, 7, 6
9, 12, 6, 51
1, 14, 36, 21
4, 16, 6, 70
4, 16, 33, 71
9, 16, 33, 59
7, 13, 21, 29
5, 17, 14, 8
9, 20, 12, 6
1, 20, 3, 17
1, 5, 33, 55
1, 5, 13, 60
7, 11, 31, 65
9, 17, 4, 75
3, 0, 1, 49
7, 18, 40, 14
8, 12, 17, 29
0, 0, 34, 44
9, 5, 11, 71
3, 2, 37, 12
9, 16, 10, 22
7, 4, 36, 9
6, 0, 29, 60
3, 2, 8, 55
4, 11, 14, 42
2, 8, 10, 34
7, 18, 10, 65
6, 7, 2, 17
2, 6, 17, 42
9, 12, 23, 29
9, 15, 21, 55
7, 13, 30, 75
7, 8, 7, 45
4, 18, 31, 26
4, 16, 40, 46
9, 19, 19, 62
0, 3, 14, 76
6, 4, 32, 11
4, 20, 3, 69
3, 13, 34, 24
3, 10, 24, 44
6, 15, 36, 42
3, 4, 0, 79
4, 14, 4, 70
1, 4, 32, 22
1, 17, 5, 27
5, 4, 20, 23
5, 3, 0, 59
6, 2, 21, 22
2, 14, 12, 40
7, 2, 39, 27
8, 13, 33, 22
7, 1, 32, 42
1, 4, 38, 57
6, 20, 2, 1
2, 18, 15, 80
6, 0, 36, 59
3, 6, 31, 29
1, 6, 11, 31
2, 6, 1, 10
8, 10, 9, 44
2, 12, 35, 3
9, 11, 11, 23
1, 19, 19, 74
6, 1, 20, 46
3, 7, 8, 10
0, 8, 29, 71
1, 2, 0, 62
0, 14, 11, 68
5, 9, 20, 55
4, 7, 22, 63
8, 12, 34, 31
2, 6, 0, 20
2, 11, 16, 49
4, 12, 28, 5
5, 19, 28, 77
5, 17, 34, 10
0, 16, 25, 80
7, 19, 9, 51
3, 13, 4, 9
6, 15, 4, 21
0, 15, 40, 5
5, 9, 22, 59
8, 10, 33, 51
1, 4, 5, 24
3, 13, 1, 65
8, 3, 0, 24
2, 15, 33, 39
0, 1, 0, 8
5, 20, 1, 75
4, 18, 6, 17
9, 13, 38, 9
3, 13, 37, 51
4, 6, 4, 55
7, 5, 36, 18
7, 2, 35, 50
6, 0, 21, 76
9, 4, 13, 63
1, 20, 3, 64
3, 11, 3, 22
1, 6, 34, 22
8, 2, 19, 55
6, 16, 31, 10
8, 1, 3, 58
2, 16, 0, 49
7, 13, 29, 9
4, 4, 22, 20
3, 5, 4, 24
1, 15, 19, 10
2, 18, 23, 42
9, 10, 2, 60
7, 7, 36, 73
8, 13, 22, 60
4, 8, 34, 69
5, 17, 29, 69
4, 17, 22, 1
0, 6, 2, 43
4, 1, 6, 58
6, 0, 25, 26
1, 3, 3, 51
6, 17, 28, 40
6, 9, 38, 50
9, 1, 31, 23
8, 3, 28, 56
5, 20, 4, 23
7, 7, 14, 63
2, 8, 11, 34
2, 15, 3, 41
0, 13, 26, 45
6, 2, 38, 69
9, 3, 25, 47
0, 13, 15, 27
6, 13, 4, 26
8, 16, 27, 40
5, 15, 11, 52
9, 8, 5, 43
5, 5, 27, 63
7, 9, 11, 67
2, 10, 11, 27
6, 20, 8, 52
9, 11, 14, 2
0, 5, 33, 11
4, 11, 23, 39
7, 7, 32, 46
2, 1, 7, 46
3, 0, 19, 25
3, 1, 38, 68
4, 2, 23, 37
6, 8, 37, 29
3, 18, 0, 55
6, 0, 2, 20
0, 17, 23, 7
6, 7, 6, 62
0, 1, 32, 2
4, 20, 36, 24
2, 5, 39, 47
7, 20, 11, 54
2, 10, 14, 14
8, 12, 24, 72
3, 12, 26, 17
3, 14, 14, 27
0, 6, 36, 49
0, 6, 13, 33
3, 5, 30, 6
9, 15, 17, 74
3, 13, 16, 52
5, 9, 29, 40
4, 5, 4, 37
2, 2, 23, 43
9, 15, 3, 23
9, 9, 17, 51
7, 9, 33, 37
2, 17, 26, 7
3, 5, 30, 48
7, 4, 34, 21
2, 0, 19, 4
1, 16, 37, 47
0, 12, 5, 36
8, 9, 29, 41
8, 16, 19, 40
0, 9, 24, 50
5, 5, 27, 73
1, 17, 20, 39
5, 5, 10, 25
3, 8, 32, 67
8, 11, 25, 45
0, 1, 38, 46
5, 3, 12, 40
3, 17, 5, 49
0, 6, 17, 27
4, 11, 32, 14
0, 20, 38, 4
7, 4, 31, 17
5, 14, 7, 0