1 4
1 5
1 2
1 2
1 3
1 3
0 2
1 2
0 5
1 4
0 4
0 4
1 3
1 5
1 3
0 5
1 5
1 4
0 3
1 5
1 4
1 4
1 3
1 3
1 4
0 2
0 5
0 4
1 5
1 5
1 3
0 5
0 2
0 2
1 3
1 3
1 4
1 4
1 6
1 4
1 4
1 5
1 2
1 5
1 5
1 2
1 4
0 5
1 5
1 2
1 4
1 2
1 3
0 5
1 3
1 5
1 9
1 2
1 4
1 5
1 6
1 3
1 6
1 5
1 4
1 3
1 6
1 2
1 3
1 4
0 4
0 2
1 2
1 5
1 2
1 3
1 4
1 3
1 2
1 2
1 4
1 5
1 3
1 2
1 5
0 3
1 5
1 4
1 3
1 3
1 5
1 2
1 5
1 2
1 3
1 2
1 3
1 2
1 5
1 2
1 3
1 3
1 5
0 5
1 3
1 4
1 3
1 3
0 2
1 5
1 5
1 4
1 5
1 3
1 4
1 5
0 5
0 5
1 5
1 5
1 3
1 4
1 4
1 4
1 3
1 4
1 6
1 2
1 5
1 2
1 5
1 4
1 5
1 3
1 4
1 5
0 99
1 7
1 5
0 4
1 5
1 3
1 3
1 4
1 5
0 3
1 10
0 6
0 4
1 2
0 4
1 2
1 5
0 5
1 4
1 9
1 6
1 5
1 70
0 75
1 4
0 2
1 5
1 3
0 5
1 4
1 2
0 2
1 4
1 5
1 10
0 8
1 3
1 9
1 2
1 5
1 2
1 4
0 7
1 2
1 4
1 21
1 5
0 5
1 3
1 3
1 3
1 5
1 2
1 4
1 7
1 5
1 2
0 3
1 5
1 4
1 4
1 4
1 9
0 6
0 5
1 2
1 23
1 5
0 20
1 35
1 8
1 3
1 3
0 3
0 6
1 4
1 8
1 6
1 4
1 3
0 7
1 3
1 5
1 2
1 2
1 2
0 9
0 2
1 3
0 20
1 20
1 3
1 4
1 70
1 3
1 5
1 6
1 4
0 79
1 11
1 5
1 3
0 9
0 6
1 4
0 2
1 6
0 4
0 3
0 3
1 3
0 3
1 3
1 5
1 3
1 5
1 2
1 3
1 5
1 2
0 5
1 3
1 2
1 5
0 2
1 4
1 2
1 5
1 3
1 5
1 2
1 5
1 5
0 5
1 5
1 3
1 4
1 4
1 9
1 35
1 4
1 6
1 5
0 3
1 4
1 2
1 3
1 6
1 3
0 7
1 5
1 4
1 2
1 4
1 2
1 4
1 2
1 11
0 2
1 3
1 5
1 5
1 2
1 5
1 3
1 6
1 3
1 3
0 27
1 3
1 3
0 10
1 3
1 4
1 7
1 3
0 5
1 3
1 6
0 6
1 4
1 5
1 3
1 5
0 5
1 5
1 5
1 2
1 3
1 6
1 5
1 3
1 3
0 2
1 2
0 3
1 5
1 5
0 3
0 3
0 21
1 5
1 16
1 4
0 3
1 2
1 3
1 5
1 4
1 5
0 5
1 3
0 2
1 2
1 3
0 10
1 3
1 2
1 2
0 3
1 2
1 5
1 3
1 3
1 24
1 5
1 71
1 3
1 4
0 5
1 2
1 2
1 5
1 2
1 18
1 5
1 8
1 3
1 5
0 3
1 3
1 2
1 2
1 4
1 4
1 7
1 5
1 4
1 5
1 4
1 4
1 5
1 20
1 18
1 4
1 6
1 5
0 10
1 4
1 2
0 5
1 2
1 2
1 5
1 5
1 4
1 2
0 9
0 6
1 4
1 4
0 16
1 24
1 4
1 38
1 5
0 4
1 2
0 6
1 2
1 3
1 4
1 6
1 5
1 11
1 4
1 4
1 9
1 5
1 3
1 3
1 5
1 2
0 3
0 3
1 3
1 5
1 15
0 23
1 3
1 26
1 3
1 3
1 3
1 2
1 4
0 3
