8 48 28 39 37 74
7 37 22 1 43 5
19 97 62 78 18 75
41 7 27 61 54 90
28 3 83 52 15 28
62 24 62 80 30 8
32 58 55 89 72 86
99 53 62 65 46 93
65 81 40 85 45 45
98 89 32 52 4 49
10 45 64 96 65 10
39 44 57 91 46 89
55 43 62 54 80 80
19 36 8 70 40 16
28 60 21 89 42 26
71 73 66 13 99 68
33 51 86 47 85 14
63 76 72 1 70 15
26 14 54 43 47 4
10 14 39 30 65 32
64 91 80 76 22 30
29 43 23 18 10 28
84 74 36 33 37 31
4 63 72 26 1 79
78 46 59 7 39 82
63 58 27 19 91 5
8 5 3 72 26 37
54 97 99 91 50 54
4 58 38 99 51 49
19 34 60 30 49 87
93 41 64 72 72 74
26 15 65 89 10 92
40 3 49 9 2 30
64 46 62 52 27 25
91 50 54 53 18 26
25 94 49 79 29 82
36 50 93 28 98 96
60 60 34 28 57 30
5 76 85 51 17 32
65 95 52 48 51 97
80 2 22 79 92 23
47 76 27 33 46 88
92 57 1 36 77 38
72 93 55 64 48 66
76 50 59 84 2 24
43 22 46 93 29 68
48 43 12 46 17 94
20 43 91 93 94 10
80 69 38 61 52 86
65 94 80 66 24 92
42 48 23 45 92 48
45 98 92 11 8 98
99 44 18 99 54 80
6 68 94 8 19 40
29 69 33 15 64 31
45 82 52 77 43 51
25 35 18 32 54 62
20 80 62 93 34 11
71 71 96 56 26 13
84 98 84 7 48 45
33 80 72 12 13 57
54 87 47 83 29 91
42 13 37 71 18 61
82 13 66 92 16 75
34 60 88 79 21 64
82 61 44 55 53 12
35 56 2 26 30 27
82 5 42 20 90 38
29 57 47 33 94 10
12 9 16 57 93 49
77 39 32 99 75 7
18 9 90 11 18 44
74 83 74 95 66 48
88 44 74 61 48 54
13 81 48 80 35 7
37 8 41 36 54 5
77 32 67 97 7 31
35 23 50 41 36 19
73 44 49 11 78 94
9 28 36 8 50 20
80 80 52 28 71 36
35 41 26 2 52 77
62 25 52 41 46 79
67 45 77 57 27 41
1 56 23 64 97 37
49 86 90 9 52 98
32 21 65 64 91 92
29 80 51 88 78 34
10 16 86 19 12 81
45 70 72 89 38 43
25 52 22 56 43 93
4 99 51 5 26 76
40 8 26 86 37 97
50 46 30 40 82 39
91 11 21 47 72 1
64 65 80 76 63 91
71 62 2 91 18 71
98 21 18 33 4 71
38 27 14 61 10 77
74 91 75 33 91 45
89 5 19 13 8 41
42 72 98 62 57 47
28 87 49 21 88 92
65 71 2 74 98 79
82 38 91 23 37 97
38 27 5 80 74 27
75 86 79 40 64 93
76 20 8 39 2 25
60 41 57 67 37 85
4 61 19 2 66 99
13 68 60 51 88 2
8 71 78 25 1 20
10 55 70 49 39 33
21 7 60 1 50 37
69 29 65 22 26 1
19 11 91 45 34 86
48 19 20 62 46 1
10 53 74 5 70 33
56 18 74 62 79 81
84 48 92 51 82 16
70 5 22 97 33 99
6 76 81 50 9 50
29 3 26 31 18 62
45 66 64 87 68 2
75 13 5 66 2 23
87 18 17 79 1 5
88 25 7 1 89 9
65 14 61 21 64 46
71 18 88 3 64 7
71 19 60 70 47 45
31 38 94 66 43 23
13 94 10 24 52 62
86 61 3 10 81 40
33 78 88 12 59 73
75 14 63 7 90 97
76 69 68 58 29 64
26 70 88 83 49 90
24 34 14 70 73 85
42 22 83 72 98 78
32 74 90 15 76 68
40 1 65 29 82 75
48 79 53 36 7 24
87 47 59 26 33 79
84 18 46 93 12 61
50 6 77 18 89 30
18 88 49 54 46 91
76 33 13 82 83 20
54 72 20 60 85 55
42 30 84 4 78 66
35 86 11 55 61 6
34 75 84 23 66 3
75 93 25 41 45 32
33 30 49 68 90 94
93 93 98 71 93 37
68 13 86 11 14 14
75 39 59 17 71 14
57 35 5 91 84 98
77 2 87 43 91 63
16 15 15 17 37 66
95 65 4 8 51 42
47 39 14 88 30 79
98 45 12 47 95 42
22 77 92 47 58 46
30 44 51 69 34 98
45 97 84 43 68 67
99 49 46 47 27 13
50 2 20 95 28 97
65 37 65 98 58 88
43 73 71 56 13 69
41 43 48 35 50 61
74 44 79 27 70 55
14 32 9 23 22 50
8 42 94 33 97 96
2 44 75 23 40 11
80 36 48 39 66 30
96 90 59 89 30 88
3 5 9 24 87 95
65 52 23 81 54 42
28 90 57 61 22 67
36 47 98 86 88 61
20 74 82 80 8 67
8 90 56 16 82 87
8 63 60 59 45 31
25 2 32 28 8 69
56 96 35 13 12 54
30 90 24 48 40 96
77 24 50 35 83 35
34 32 77 20 95 88
27 72 82 86 5 56
85 97 38 44 13 8
54 6 78 98 84 3
12 17 72 12 73 76
97 66 57 80 26 43
61 75 33 67 35 49
38 39 95 70 18 9
33 94 98 21 2 67
12 60 29 58 47 85
23 42 40 8 92 3
59 73 85 25 89 25
12 61 15 90 45 61
34 9 17 35 54 71
92 73 78 50 16 38
77 74 65 58 72 49
19 88 8 35 15 45
12 36 74 59 83 45
1 38 3 12 44 82
55 35 24 50 59 99
40 67 80 10 7 50
14 35 81 99 84 75
11 13 40 72 68 38
14 63 8 69 61 41
9 93 23 20 11 10
53 43 53 2 35 83
52 11 18 65 81 29
81 22 12 3 14 10
31 6 90 64 33 64
63 88 48 59 35 42
37 69 12 79 17 82
70 68 1 77 31 93
94 71 58 30 4 2
5 65 86 12 10 46
96 18 47 26 62 53
44 90 19 55 83 3
40 29 96 99 17 20
54 79 98 57 56 84
38 61 52 50 99 87
49 37 28 36 7 28
97 60 27 43 79 57
87 21 46 41 60 38
34 73 68 37 63 75
44 40 53 97 89 68
23 37 54 68 26 23
11 95 24 14 42 65
52 85 96 66 95 22
94 76 95 30 93 39
82 22 93 78 54 10
15 58 36 51 57 6
63 48 28 18 22 24
46 30 54 63 91 36
2 38 80 39 21 64
73 62 96 18 95 64
89 55 66 21 43 66
20 95 39 55 58 46
65 97 79 14 65 12
20 68 84 33 27 9
30 3 46 4 89 81
93 48 95 62 78 59
4 15 22 71 88 50
64 40 78 1 91 86
5 89 47 71 28 91
54 48 84 59 80 12
84 42 25 99 70 3
32 33 81 50 27 93
55 27 37 96 83 79
99 80 79 27 2 99
46 67 19 50 12 73
27 64 40 93 76 5
72 27 30 13 58 4
2 95 93 28 68 39
32 46 79 40 7 48
85 92 27 27 45 9
8 10 51 99 77 88
68 92 79 42 63 33
77 36 83 87 61 12
72 33 18 71 29 32
15 83 49 39 1 11
17 70 29 38 69 42
81 55 87 72 75 59
83 21 80 19 61 44
63 49 53 7 7 30
55 97 34 94 83 70
31 93 34 43 82 53
78 66 20 18 76 76
16 39 72 24 27 3
50 19 88 80 37 5
4 78 31 17 48 32
70 30 98 97 80 64
60 43 60 30 68 28
57 84 82 39 49 59
11 45 78 60 21 24
32 41 66 88 17 3
62 27 99 92 98 42
50 31 36 66 95 96
9 56 92 81 80 52
35 66 67 1 32 9
80 95 80 81 57 4
14 9 5 59 50 38
37 99 31 32 75 88
56 89 94 49 48 48
68 20 98 30 83 37
46 74 95 70 69 52
78 13 23 4 36 8
17 35 38 57 58 50
17 92 90 40 10 28
52 90 7 95 79 66
36 36 92 83 21 11
68 43 53 26 52 18
47 52 98 35 35 88
4 26 63 1 59 2
35 61 58 23 70 91
57 53 7 34 87 30
44 50 42 39 43 15
81 97 57 88 10 22
30 59 40 88 76 5
59 5 64 98 12 65
27 42 52 46 18 76
79 33 7 11 44 1
78 68 39 95 90 34
79 67 94 21 31 20
64 8 89 91 15 49
66 38 5 69 67 11
51 97 25 45 81 99
83 67 4 33 6 42
63 39 17 15 93 90
71 16 66 88 19 95
26 68 51 55 43 14
20 98 1 98 78 36
64 19 43 64 19 88
49 2 96 16 12 64
39 31 40 18 85 2
66 37 27 50 24 31
38 16 45 34 53 26
41 19 30 96 3 97
3 81 98 91 15 63
95 6 25 85 69 10
58 78 58 84 63 4
26 34 28 68 17 21
88 20 48 68 16 33
39 92 64 88 39 49
57 86 5 54 71 19
20 76 49 64 94 38
8 65 54 22 10 84
86 40 54 11 39 34
94 60 16 85 67 93
67 10 55 16 45 45
39 3 53 23 56 40
12 65 39 58 94 96
23 93 99 20 2 10
91 28 73 60 82 63
51 76 17 27 31 79
17 87 90 75 31 53
28 8 31 98 77 52
10 21 19 27 10 10
73 20 51 92 26 63
68 40 86 41 68 70
94 71 14 23 49 22
6 27 3 71 88 98
89 54 69 38 60 9
50 54 45 80 32 25
96 36 36 74 10 75
48 66 40 13 92 75
98 22 5 63 16 96
93 59 50 80 65 96
75 8 28 99 73 57
68 21 31 48 50 95
37 98 97 31 28 36
10 97 55 69 59 7
66 53 14 48 47 10
73 82 60 95 43 64
60 59 76 71 24 4
48 93 66 22 99 73
21 35 84 19 89 99
81 24 65 70 64 43
85 89 25 87 94 61
40 37 77 21 49 30
69 40 59 1 84 35
89 67 64 65 29 57
82 13 32 24 66 52
17 26 31 31 58 33
38 86 97 42 30 56
97 8 4 23 36 63
51 22 78 55 55 5
17 41 54 15 16 81
76 63 82 2 9 49
4 6 7 89 18 6
87 66 21 25 87 2
89 36 8 58 94 80
5 39 90 71 29 10
12 61 17 15 7 49
57 83 43 79 99 85
29 72 55 10 98 76
12 21 96 23 99 4
47 60 51 47 51 37
86 29 84 50 10 74
72 31 71 24 86 37
71 59 69 15 47 50
7 50 43 84 6 42
89 17 30 50 58 39
94 93 54 40 38 68
15 89 54 68 58 69
80 44 41 86 87 29
76 34 93 53 18 63
15 26 1 21 50 78
58 41 59 89 82 14
20 98 38 16 85 39
40 97 69 95 64 16
94 17 47 37 78 48
33 67 53 7 39 4
37 73 28 92 91 36
92 10 25 25 23 67
30 99 37 52 57 26
32 55 63 77 52 2
14 65 20 83 10 49
34 50 29 6 39 48
46 51 17 33 99 20
81 97 89 58 91 75
7 13 30 38 11 49
14 46 61 23 55 32
99 17 77 77 79 56
24 87 69 77 39 43
62 52 33 2 67 28
31 48 49 52 20 9
12 7 44 28 15 49
43 14 41 32 17 40
13 45 44 69 89 27
50 6 70 7 81 43
43 95 90 84 68 58
10 81 67 91 21 48
68 91 82 37 17 48
80 52 74 84 97 67
38 20 26 83 70 36
1 76 90 28 7 70
13 23 16 21 60 92
66 79 12 77 98 85
71 66 86 93 36 63
41 26 51 93 25 33
70 77 12 86 40 53
19 42 51 90 89 91
98 45 61 25 30 32
99 5 33 25 90 77
59 36 60 49 47 65
26 28 58 1 87 21
14 2 13 47 81 66
73 27 14 30 46 61
60 41 10 5 86 26
94 83 43 27 71 47
52 24 13 80 33 97
50 91 93 75 64 12
85 31 40 63 18 63
80 87 81 83 51 10
82 21 1 63 1 35
46 5 52 80 13 15
43 39 33 9 22 59
93 61 86 60 17 2
20 98 5 74 13 85
48 22 30 53 41 68
98 46 92 96 39 89
14 8 14 15 61 56
68 29 92 37 9 53
41 62 27 52 62 71
87 76 76 16 48 49
55 42 74 48 91 76
45 18 8 68 55 72
19 98 58 34 40 15
23 48 93 4 58 76
90 27 11 2 25 82
79 37 94 57 60 61
60 6 73 7 18 93
85 78 63 90 45 63
96 53 72 73 4 11
40 38 94 92 40 42
54 74 88 48 76 73
49 69 76 35 55 74
23 55 87 13 20 65
52 65 40 48 69 53
35 5 85 34 3 28
56 64 24 99 65 25
32 98 73 91 13 90
87 50 8 18 65 16
65 3 64 97 17 4
37 88 37 16 57 5
12 84 41 21 89 45
49 3 53 98 18 57
53 1 48 25 63 25
1 44 76 1 52 95
95 26 82 84 36 83
18 4 60 13 38 23
95 32 1 76 20 84
75 13 28 4 48 65
58 64 41 13 3 22
16 50 18 26 24 91
46 34 5 42 50 4
38 21 62 78 6 25
91 65 32 84 4 42
19 65 11 12 53 16
73 15 5 16 55 90
69 54 32 44 87 16
40 50 18 3 7 88
84 92 71 47 76 20
19 2 62 6 40 12
78 73 82 71 21 52
25 80 84 18 66 32
73 47 49 33 17 61
65 63 50 80 26 77
14 59 42 21 87 74
65 21 23 48 11 22
56 81 74 6 5 51
95 11 36 72 74 56
28 20 63 20 37 87
94 5 67 39 77 92
10 25 45 35 13 58
5 4 85 98 32 10
33 5 77 67 91 67
9 22 21 23 47 84
55 82 31 53 89 64
1 84 83 76 26 45
39 94 73 55 44 12
57 38 19 39 28 72
97 78 80 86 87 7
9 13 33 53 7 15
51 27 92 82 31 13
98 18 58 54 63 12
49 79 62 49 93 50
48 81 27 23 85 78
82 53 87 17 76 25
22 29 91 84 83 7
60 26 12 48 63 82
79 22 30 16 13 25
39 97 49 69 59 68
58 70 33 40 75 64
21 33 45 34 81 14
9 97 80 1 98 37
83 44 51 71 28 34
44 82 44 22 46 20
35 99 63 71 47 76
68 24 36 78 93 72
39 25 19 65 90 66
53 98 20 43 68 44
40 32 2 14 34 72
35 11 93 76 69 12
16 33 26 49 28 64
93 22 66 3 70 30
91 62 56 73 82 57
88 6 33 44 13 7
99 17 80 24 36 8
97 7 24 42 54 76
14 61 54 45 89 23
2 4 26 23 33 6
27 41 95 48 12 73
1 12 62 38 43 23
91 31 19 61 91 48
97 97 33 62 81 33
13 16 3 89 48 39
26 65 48 90 52 13
30 97 92 4 97 45
70 48 23 10 29 50
64 79 85 76 16 97
68 22 93 85 98 96
13 4 18 16 71 1
74 97 77 76 23 50
64 44 25 11 72 27
53 81 94 95 11 26
84 5 91 39 86 74
39 49 10 24 46 73
7 21 11 57 76 22
12 27 48 18 64 30
72 90 17 30 16 37
29 32 44 71 71 64
96 24 27 65 59 92
95 48 79 16 94 99
18 1 48 22 14 78
4 71 53 21 48 70
28 40 36 73 77 37
12 17 99 12 27 81
81 96 39 34 11 16
87 21 16 73 27 74
28 87 47 44 97 95
84 70 75 29 58 54
31 45 68 66 72 66
80 84 75 43 39 97
30 37 26 77 99 97
65 79 58 72 15 4
22 5 49 89 12 68
75 17 68 77 42 98
24 21 46 18 55 27
12 65 61 67 21 59
91 69 66 25 21 87
13 61 86 57 8 65
47 26 14 17 54 53
97 41 97 17 86 45
76 69 17 69 61 54
71 85 39 77 24 34
47 18 54 21 23 8
84 51 41 41 80 43
7 77 37 67 17 29
71 57 13 81 13 66
63 90 90 11 49 96
65 41 43 13 32 2
76 88 22 17 96 43
96 60 31 98 67 27
73 9 98 92 49 37
63 25 80 35 59 21
61 53 47 89 29 3
83 29 74 54 38 98
96 97 76 10 45 89
13 82 11 17 6 64
81 21 96 89 59 25
92 47 30 10 41 10
31 51 88 89 98 84
73 63 48 51 25 41
87 10 26 57 43 79
8 26 93 19 24 94
53 27 24 72 27 30
57 67 8 44 78 93
77 7 14 84 18 51
53 76 17 47 30 89
8 11 59 68 21 84
28 18 77 50 39 89
77 50 94 29 93 62
35 80 31 13 78 79
62 51 13 72 69 97
22 17 18 51 45 45
65 54 36 11 12 22
67 54 42 54 97 49
33 15 35 29 95 90
7 68 92 90 34 88
1 54 95 62 34 23
37 47 96 63 52 27
17 25 4 51 62 66
10 62 75 42 45 96
41 46 72 60 14 87
62 74 11 18 67 68
18 65 29 62 15 24
45 30 74 86 53 63
79 10 44 82 18 78
66 60 38 32 89 29
11 48 58 72 44 41
96 28 24 81 82 5
48 52 54 92 10 24
84 13 64 65 75 75
60 49 53 99 66 50
83 74 53 78 31 34
62 64 35 69 19 9
13 1 12 60 18 4
13 75 52 50 54 90
66 99 93 46 59 82
95 22 83 66 2 41
8 90 67 60 95 33
51 68 13 33 98 47
77 68 78 29 62 78
91 47 72 80 99 28
25 4 70 46 27 65
87 54 80 82 65 13
76 73 20 82 5 79
77 85 43 25 7 91
17 56 93 66 35 50
30 73 67 10 20 18
2 58 65 4 97 55
34 17 64 7 98 7
35 16 65 49 89 85
44 83 72 39 88 2
61 15 99 63 76 33
83 68 11 98 96 55
25 32 36 24 1 93
42 68 61 28 82 45
72 46 12 30 2 40
79 16 48 22 12 56
62 17 83 24 3 41
35 15 98 75 87 11
5 66 90 55 80 37
76 67 58 97 16 98
30 70 84 20 94 50
96 59 89 9 10 12
72 20 88 73 17 51
92 6 69 78 2 45
10 63 81 5 51 62
78 18 79 61 31 75
34 60 76 59 5 78
48 74 36 3 70 29
13 47 56 67 10 15
82 48 56 82 86 86
70 64 68 92 17 57
1 27 3 78 12 52
29 50 29 33 79 92
75 5 80 34 96 26
92 21 10 86 3 50
28 1 44 28 43 1
72 54 11 80 80 64
51 99 46 14 13 79
53 10 41 69 48 17
22 51 76 64 64 3
69 60 27 1 25 51
4 17 64 79 21 34
72 49 48 33 38 96
25 97 27 40 36 43
58 55 77 4 17 45
80 83 63 7 97 90
40 67 53 43 35 20
97 20 48 16 74 70
55 44 77 42 40 63
83 3 49 34 17 2
15 21 50 98 73 9
98 76 5 9 99 78
38 69 54 70 74 4
39 99 89 43 8 58
72 67 95 82 69 92
73 47 20 66 4 97
21 61 83 71 47 12
17 46 64 5 5 57
94 62 99 29 38 38
60 31 87 24 27 69
82 50 16 19 23 21
5 49 51 1 96 46
44 46 92 71 18 13
9 19 42 76 40 84
10 74 84 43 13 55
18 54 56 13 70 71
38 32 39 70 74 57
49 65 53 15 58 33
61 25 14 35 61 31
3 51 84 6 22 14
69 11 67 97 50 84
96 67 76 83 3 90
33 43 65 16 36 65
78 10 15 40 52 12
58 67 43 70 62 17
26 63 64 32 44 37
85 82 37 44 34 6
95 26 42 68 1 48
90 60 68 89 81 73
37 61 69 85 72 79
82 49 39 31 18 45
73 66 92 96 7 60
27 13 45 60 74 47
84 24 46 51 15 20
83 15 38 33 8 54
25 92 12 52 48 95
80 49 38 41 88 29
87 31 83 38 7 33
86 76 82 63 12 53
92 48 50 1 3 99
12 7 39 96 70 34
6 87 12 4 33 88
81 31 45 58 35 60
53 33 95 87 54 70
60 55 65 84 96 53
64 61 17 63 45 88
13 18 86 76 15 87
12 31 98 6 59 32
80 12 2 92 44 33
60 68 22 33 16 33
10 20 58 82 84 79
23 73 52 4 25 73
32 60 72 63 42 53
76 99 65 45 38 92
57 38 48 71 82 7
59 96 28 77 32 32
78 99 4 86 23 9
3 40 11 55 9 84
15 11 32 66 58 64
33 62 73 92 99 7
32 40 81 21 68 2
27 39 28 49 14 3
31 62 77 39 43 25
30 1 56 78 86 78
45 41 64 20 54 94
8 87 15 87 4 78
83 89 17 86 78 53
71 90 85 35 10 30
25 15 61 70 39 41
73 90 7 57 80 29
61 71 65 83 24 48
16 84 81 16 45 96
3 52 27 57 42 14
95 14 91 64 99 14
98 35 59 39 78 81
63 63 52 39 93 39
92 60 60 84 62 22
16 51 38 20 49 84
5 85 70 9 86 1
69 35 75 14 87 23
90 57 1 1 82 15
85 99 43 59 82 6
36 52 13 14 62 54
46 82 78 70 87 39
89 61 89 98 57 81
86 56 52 78 49 45
28 91 24 31 83 93
90 98 87 84 40 56
71 42 43 36 58 20
1 20 37 20 57 85
25 73 9 61 12 70
79 85 44 28 65 96
2 66 70 38 16 87
40 35 92 11 12 1
31 60 78 37 95 98
55 96 15 67 61 30
18 97 45 29 26 41
38 92 37 43 38 27
89 26 67 3 9 18
49 54 12 43 86 76
76 53 81 69 51 40
68 77 30 17 90 61
66 79 83 91 82 17
92 67 64 8 83 43
16 39 91 31 22 61
80 40 29 66 58 40
62 73 71 35 94 26
17 56 34 28 94 8
86 55 68 84 24 78
69 97 3 79 44 51
41 3 12 82 56 24
69 26 84 23 25 96
19 2 42 44 18 49
23 74 67 11 50 99
65 39 32 79 9 35
19 38 99 34 37 99
42 82 1 79 25 16
34 91 63 79 52 52
7 54 74 87 35 47
2 18 62 30 90 90
27 61 98 45 2 7
56 44 73 79 41 11
42 89 38 56 17 98
61 57 23 45 48 50
97 71 37 96 24 21
78 68 79 29 13 75
25 36 27 50 63 14
34 58 12 80 78 42
77 87 24 33 61 90
5 92 33 11 29 49
7 16 27 35 43 14
58 24 34 4 58 30
70 81 40 34 38 19
72 36 79 67 85 57
66 45 2 87 67 17
63 58 19 2 80 30
17 40 68 31 48 26
77 74 35 25 78 97
5 98 92 27 67 63
36 58 68 77 71 66
61 34 11 6 90 14
51 27 99 91 21 44
78 68 87 1 35 11
40 78 90 35 95 26
92 35 38 24 97 37
75 54 37 75 5 62
58 80 8 30 89 79
15 47 6 12 67 38
50 57 98 34 97 44
95 35 98 22 72 45
78 51 17 71 9 38
68 90 90 39 25 99
16 62 30 75 71 24
46 76 30 14 22 20
85 3 57 30 58 70
7 73 27 56 53 12
37 83 48 79 34 78
99 7 92 72 51 7
29 84 13 96 62 60
62 16 4 56 37 94
17 4 5 21 65 71
41 74 58 30 95 2
32 39 46 74 55 64
70 63 61 44 22 55
27 70 88 90 53 91
67 34 78 30 83 94
28 85 4 1 18 55
54 92 60 70 77 92
72 64 56 61 51 22
10 53 50 53 41 78
93 94 61 66 50 86
74 88 7 42 2 70
44 60 54 63 25 89
36 38 92 49 65 43
11 62 83 66 73 74
34 54 43 19 34 99
79 89 21 84 53 16
87 17 2 10 16 82
96 53 55 27 36 65
11 38 95 50 3 96
26 79 99 44 13 9
9 51 95 69 42 14
64 70 25 89 11 84
74 54 11 56 91 87
50 55 30 11 57 11
82 10 55 88 24 34
81 61 33 1 88 91
59 35 7 69 35 11
70 6 48 26 53 67
39 14 26 76 39 5
95 39 50 24 17 3
90 37 89 8 84 40
25 50 11 23 48 97
93 18 39 51 98 89
86 40 99 27 12 91
82 44 61 56 99 4
66 6 79 6 91 31
67 80 74 38 37 48
82 67 12 90 31 83
88 26 77 77 13 51
19 99 5 1 43 71
41 85 69 26 8 44
43 65 14 27 11 31
71 15 31 2 38 25
91 18 6 7 12 73
26 78 84 21 12 55
51 75 54 39 33 56
79 49 87 1 80 58
65 75 44 33 73 30
17 73 97 49 99 53
21 34 27 37 37 92
54 69 65 82 80 96
2 88 46 26 82 74
96 30 61 93 56 65
86 64 33 11 53 49
94 26 72 6 28 84
65 7 30 99 70 99
41 13 93 15 35 36
82 39 45 77 1 24
14 84 40 68 99 14
60 35 64 18 79 79
46 66 42 91 1 13
90 89 22 82 28 60
12 19 41 93 67 13
34 81 27 97 1 7
9 89 68 76 87 34
98 61 16 62 83 75
90 93 90 88 79 30
82 52 69 34 82 42
94 57 79 92 36 47
34 26 10 12 29 29
70 10 62 98 31 81
97 17 6 79 33 67
60 63 66 54 43 79
72 67 60 99 22 6
39 93 21 41 21 61
94 6 67 56 58 22
85 58 97 54 75 99
28 70 85 35 54 99
70 98 36 87 88 96
19 25 76 17 84 51
52 91 8 65 47 80
45 63 94 52 5 25
69 77 68 88 35 7
83 63 2 95 62 22
80 9 67 98 69 59
18 64 28 88 77 34
18 41 21 47 80 95
20 18 8 30 14 15
74 5 46 83 62 87
3 89 82 60 31 91
49 97 81 68 47 85
78 31 41 71 2 55
94 32 68 85 11 80
6 78 48 40 1 37
23 14 32 90 61 49
73 64 87 70 37 80
44 64 5 30 84 8
48 7 52 72 50 84
45 16 99 51 18 25
31 84 41 70 72 9
74 47 6 83 30 45
27 15 84 84 4 77
77 29 74 83 83 10
39 42 75 92 81 24
72 36 79 9 34 8
22 83 82 97 37 86
12 29 45 76 62 44
74 65 12 22 67 94
50 80 69 31 57 80
4 74 96 7 28 73
5 98 2 7 32 9
29 68 96 74 96 34
67 41 47 50 24 71
11 15 25 90 48 16
22 7 35 60 33 55
41 48 6 17 95 85
1 70 49 17 83 35
65 47 52 36 78 18
92 10 92 54 98 5
73 3 24 32 7 41
36 95 97 94 8 47
33 62 7 50 69 71
95 86 38 45 22 72
70 94 18 70 24 39
11 91 58 67 86 48
19 86 99 63 30 4
12 63 47 90 67 98
48 15 55 45 93 40
72 57 84 49 67 45
35 15 74 53 60 65
16 72 74 74 1 60
44 53 40 27 18 26
83 16 99 96 90 39
47 52 93 41 77 86
37 70 96 16 72 1
21 80 64 25 93 43
83 2 25 75 79 44
90 9 39 32 79 67
84 7 17 14 20 13
23 24 59 31 85 51
65 31 54 96 17 13
85 99 53 79 64 4
53 49 54 59 43 95
91 3 90 43 83 97
14 43 55 33 22 80
25 90 62 64 40 18
97 93 77 48 97 32
62 57 16 23 45 16
38 82 34 42 98 20
13 67 99 3 41 98
22 79 52 51 78 57
50 33 15 42 96 81
23 65 58 33 18 1
93 1 44 14 36 16
6 98 87 27 75 48
24 40 2 49 27 60
89 37 14 49 15 17
89 13 95 26 93 89
49 59 10 13 61 83
22 2 34 8 31 5
18 60 65 1 15 11
67 87 29 32 43 58
51 32 53 41 62 76
20 39 50 47 47 3
13 40 6 57 90 23
92 68 80 63 66 75
8 86 97 72 56 24
20 81 94 52 64 99
4 28 44 62 50 31
47 23 98 16 79 67
58 15 74 42 86 9
39 56 19 11 58 68
37 83 37 81 23 15
56 1 48 28 71 83
68 27 91 29 6 34
38 74 93 29 81 11
74 76 29 84 69 5
86 30 41 78 75 11
5 57 22 20 91 90
12 88 35 25 85 30
58 72 66 2 42 31
30 33 46 10 66 52
31 9 51 10 31 5
65 87 46 26 92 82
90 29 84 79 51 67
11 47 49 86 26 8
6 89 55 37 7 49
54 60 97 95 45 45
11 8 29 54 99 2
79 96 46 64 95 79
86 50 49 87 92 30
64 41 90 91 2 30
91 22 46 3 9 56
94 81 58 55 45 4
88 44 38 54 91 6
44 78 51 19 56 71
11 14 67 72 78 73
50 56 2 42 94 30
30 28 10 54 27 12
12 57 60 88 18 44
1 3 1 2 4 51
15 9 81 96 31 4
64 26 98 84 48 79
19 94 10 3 73 45
59 3 75 29 48 42
69 54 79 40 63 91
11 30 19 48 76 37
73 61 15 6 21 57
98 3 73 43 28 14
1 1 59 3 20 22
24 2 46 47 24 79
52 10 80 20 64 78
4 86 15 42 8 10
63 65 34 19 64 62
28 77 82 69 12 48
74 85 74 1 9 55
83 60 86 2 25 56
53 68 14 74 11 79
93 76 86 5 85 53
96 33 81 31 84 67
71 37 66 52 84 9
16 82 81 82 83 52
62 13 51 24 80 42
94 94 22 51 70 57
56 50 50 89 12 70
96 83 39 93 44 14
49 90 4 61 70 57
58 33 48 37 67 43
23 74 28 76 32 77
36 79 66 87 37 96
32 24 99 87 60 93
60 1 44 77 38 50
66 61 34 50 54 68
91 72 13 93 73 65
69 39 87 87 77 82
24 65 85 59 18 32
99 72 50 43 32 63
17 97 23 95 7 12
59 80 92 50 57 7
59 94 79 77 83 27
49 24 2 79 48 79
21 14 18 87 76 21
30 65 17 28 10 61
50 9 44 77 72 42
36 28 93 76 48 85
59 12 48 57 75 20
78 56 10 9 27 71
51 84 30 98 22 6
10 65 67 48 5 67
73 51 12 86 71 27
29 46 47 26 20 56
60 32 13 62 35 43
47 3 87 86 45 84
13 36 65 39 66 26
2 1 1 18 56 91
19 13 2 42 47 14
72 71 98 37 63 59
36 16 94 66 43 47
86 87 9 36 38 95
22 83 15 78 52 14
74 66 86 45 49 65
60 71 71 89 40 60
29 36 33 59 48 16
24 4 24 72 75 14
55 47 39 77 81 69
57 22 54 40 62 52
79 63 5 9 89 28
39 1 47 71 51 10
62 91 16 35 4 36
63 58 43 80 36 99
76 8 34 80 81 72
4 61 33 9 53 71
83 9 20 81 16 93
83 36 83 44 77 22
49 74 54 88 57 14
60 73 59 36 88 34
42 20 27 48 93 70
12 43 26 39 85 26
11 3 56 12 96 94
39 26 66 89 52 19
38 94 18 98 34 46
83 42 48 26 35 33
6 7 5 59 88 65
92 5 22 64 64 50
37 26 99 38 82 89
92 28 94 19 59 19
57 92 63 88 20 71
18 58 40 50 16 84
6 28 12 20 24 65
11 70 25 39 61 39
56 29 77 62 74 86
61 42 95 78 59 56
96 35 96 22 24 11
2 68 14 92 54 51
43 3 69 92 45 67
32 93 99 18 42 8
88 51 83 59 62 66
88 97 89 82 27 62
3 85 75 86 80 76
79 13 30 22 13 96
4 78 38 34 66 82
76 89 98 84 45 44
28 97 62 80 70 87
18 41 49 83 10 56
57 69 2 20 29 84
96 72 33 62 66 86
66 10 91 66 21 67
91 43 38 6 8 28
21 18 97 44 34 32
88 72 53 3 5 23
22 77 77 90 99 21
8 75 77 29 26 5
33 21 39 61 72 18
45 52 30 17 75 77
82 92 80 97 9 41
54 20 39 20 90 28
66 32 82 52 51 7
93 4 30 75 1 75
35 82 78 85 82 11
70 41 32 64 18 72
2 92 93 67 63 23
4 87 64 32 49 22
48 77 12 54 87 74
90 62 38 10 97 98
97 46 25 88 62 83
74 58 41 46 25 70
90 81 65 94 3 91
14 99 26 47 10 39
77 98 67 58 19 71
1 97 40 34 26 9
76 4 23 7 77 68
50 64 23 38 11 75
89 15 8 67 37 11
87 53 67 88 93 70
87 26 7 16 82 52
7 51 54 94 4 36
5 73 55 99 69 47
46 53 93 91 85 50
2 44 89 13 46 6
78 18 91 21 69 93
20 26 95 41 80 25
51 30 83 29 66 78
41 49 18 80 77 18
63 4 39 59 95 93
87 67 6 2 29 69
52 49 74 2 50 2
36 16 88 10 60 48
56 52 95 27 51 15
51 46 99 51 1 53
31 77 33 96 56 91
94 57 15 4 50 12
89 51 88 15 58 66
59 96 10 83 33 24
20 24 2 94 38 77
30 35 68 34 26 51
61 97 20 37 90 5
60 63 96 29 87 82
81 64 47 5 99 78
2 97 45 89 38 33
24 49 76 40 92 37
10 9 8 91 20 2
54 17 93 82 24 99
82 64 75 89 6 96
43 21 60 17 88 23
25 72 84 9 29 72
65 33 75 23 47 25
96 78 89 31 49 63
52 69 90 84 13 75
96 60 66 19 87 75
37 16 96 30 59 45
49 64 26 50 6 56
3 97 75 81 2 70
39 71 26 88 56 30
72 19 75 26 86 41
47 23 94 22 42 11
16 99 19 98 97 30
1 62 92 70 59 38
54 91 82 48 59 6
2 10 88 49 29 70
84 24 23 80 40 58
90 70 24 91 28 88
43 53 61 67 53 30
40 38 93 58 79 98
98 29 39 30 32 18
80 83 4 56 24 67
9 25 58 88 41 44
84 90 64 77 50 52
65 41 1 93 11 51
80 94 73 16 80 39
99 85 56 11 83 93
34 39 54 41 93 41
98 82 79 90 55 45
71 42 53 29 19 2
83 93 33 25 10 7
10 28 4 8 47 88
69 25 74 33 99 20
16 90 5 21 38 30
78 47 75 24 93 70
4 14 6 58 15 98
54 32 86 7 70 44
15 83 44 15 65 23
6 47 90 66 50 88
35 82 71 44 89 91
93 38 18 60 57 66
10 52 44 66 24 75
73 32 89 65 49 85
80 21 35 79 5 38
67 25 50 59 63 85
26 6 31 23 31 89
10 46 23 54 7 73
52 83 74 61 4 36
82 27 99 22 40 34
54 95 92 78 85 39
50 5 42 62 61 49
65 30 81 29 7 44
69 58 1 28 14 35
49 35 11 57 71 87
90 24 6 7 8 82
32 12 97 37 20 4
66 20 31 88 45 78
16 85 22 81 86 88
62 52 54 68 6 46
73 55 39 57 40 39
95 29 84 51 4 32
61 72 15 95 6 32
37 46 1 92 91 66
26 63 50 73 56 57
23 16 10 54 58 27
37 59 44 40 32 52
1 99 48 21 42 33
67 43 1 88 69 13
63 2 24 1 1 86
47 80 29 26 83 79
90 23 41 81 1 9
34 2 19 18 57 1
52 66 83 1 77 88
75 43 58 44 10 77
16 28 32 81 8 40
57 32 18 74 51 58
42 91 91 77 57 18
56 45 4 69 23 5
31 1 89 69 36 68
4 91 96 9 26 13
39 19 78 65 4 32
43 13 17 84 39 71
9 60 70 78 83 82
86 73 21 53 99 11
40 68 18 15 63 75
13 27 57 84 78 53
93 90 58 85 75 46
25 86 43 16 92 65
19 69 64 4 49 20
37 36 48 13 48 20
64 33 56 2 75 25
61 95 54 30 86 25
60 69 36 92 23 29
46 76 29 32 56 11
1 32 29 12 94 51
63 50 77 76 52 40
31 65 48 83 92 37
44 85 90 70 92 90
18 44 98 41 90 33
72 83 80 65 52 84
81 21 73 13 88 79
2 70 25 44 45 49
75 5 38 53 33 99
62 89 5 93 71 8
29 44 99 48 27 64
88 49 91 52 8 11
5 88 1 49 95 25
70 81 72 12 70 33
96 77 77 87 27 47
7 24 69 89 71 44
30 79 86 45 17 49
60 52 56 89 26 29
66 76 24 17 15 96
48 25 25 34 72 9
1 93 93 55 27 75
21 2 28 24 25 11
22 37 33 79 25 72
90 12 5 15 23 8
51 4 88 32 16 98
57 69 52 42 59 67
71 36 54 71 89 18
60 69 1 50 5 77
12 38 56 94 8 36
19 28 3 56 22 81
58 73 16 18 75 77
12 89 3 44 89 35
60 58 73 17 89 93
40 7 72 83 9 52
67 21 2 58 94 24
12 18 68 85 25 4
37 53 35 12 79 43
81 13 21 9 81 51
98 41 74 15 85 78
39 47 23 32 91 71
7 30 63 69 52 9
35 10 5 75 33 90
47 24 22 99 64 53
30 97 70 23 63 69
48 70 4 94 64 71
66 65 32 97 79 18
28 73 4 65 23 10
37 80 24 89 57 47
65 39 38 30 20 30
57 19 26 19 22 47
31 31 10 72 89 23
57 63 33 87 9 31
97 22 12 93 31 81
34 80 23 25 24 10
43 94 68 17 90 55
65 33 89 34 48 38
94 56 85 56 56 57
23 14 18 1 54 83
87 17 18 42 73 96
94 66 48 44 31 68
5 79 78 62 36 27
7 98 78 9 1 20
71 75 80 57 84 30
81 24 62 98 51 1
77 38 32 86 92 99
85 4 10 15 87 83
82 65 52 18 6 96
38 78 9 6 72 65
8 19 33 41 89 25
85 98 50 45 9 3
79 32 52 29 65 72
53 8 7 50 89 99
25 90 39 89 42 86
25 37 32 83 11 97
21 41 70 61 86 33
88 62 39 6 97 89
42 70 2 82 76 26
62 60 80 94 62 88
51 1 45 83 14 78
16 38 45 68 19 40
39 13 10 52 95 13
88 33 30 76 39 87
22 46 20 75 54 91
53 27 99 38 59 23
89 77 98 83 88 32
23 36 48 72 74 83
43 65 21 59 79 22
6 1 72 54 43 11
60 29 22 48 68 37
73 51 85 15 24 27
47 41 4 10 77 27
19 17 32 11 12 86
94 59 69 93 99 81
88 5 86 72 28 13
64 45 98 19 12 97
8 33 79 45 31 5
73 95 18 71 63 43
33 31 73 40 40 38
41 3 62 54 50 28
7 74 22 89 12 70
30 17 53 6 8 56
76 82 94 26 54 26
65 16 57 4 1 33
94 59 5 73 48 27
90 49 86 26 2 32
4 8 22 58 40 29
99 36 43 36 16 20
76 8 91 17 89 14
54 17 84 24 58 28
70 59 66 76 36 95
53 63 67 26 14 54
28 40 38 14 33 88
49 68 8 16 61 64
35 64 3 13 89 44
16 10 58 50 71 39
7 49 90 83 59 24
85 63 98 58 49 91
32 98 48 56 45 5
61 72 72 89 41 60
96 19 3 34 68 23
92 40 46 54 69 13
96 83 60 72 5 55
44 96 28 48 60 44
94 50 21 14 29 9
65 44 61 18 4 87
36 47 83 49 35 15
42 19 25 14 98 19
11 4 28 59 2 64
57 92 69 79 17 88
21 42 48 62 19 31
28 19 53 45 35 36
80 44 88 50 94 68
53 95 84 43 5 98
26 62 86 85 26 7
38 60 78 6 75 6
29 80 49 42 44 66
95 4 10 12 87 63
82 79 21 49 90 67
37 60 52 20 60 72
28 88 27 42 51 30
27 83 52 44 62 52
75 24 28 65 34 81
55 81 3 3 30 43
80 91 48 85 67 73
53 98 3 38 24 10
45 92 49 62 96 23
98 55 5 7 35 71
44 55 82 98 73 33
5 50 78 68 65 63
64 52 51 65 24 39
75 33 24 27 93 16
70 25 8 16 39 58
82 43 90 6 20 61
32 4 43 74 79 32
51 85 19 78 44 22
46 58 44 74 96 66
23 76 32 89 74 97
24 25 52 46 34 50
7 47 55 66 27 29
58 83 21 64 10 64
10 75 48 81 70 2
17 78 15 96 32 78
67 10 6 71 15 58
57 86 11 17 12 13
68 96 56 80 67 39
43 45 39 60 87 77
45 22 14 1 52 68
10 50 24 29 1 66
64 60 26 71 35 83
91 34 67 35 74 26
95 30 89 95 84 21
62 99 69 24 3 18
90 79 12 96 74 58
73 9 84 66 87 15
74 90 62 95 52 88
50 88 59 56 16 19
83 15 4 37 24 66
83 91 19 27 99 74
55 21 87 81 32 40
41 75 86 41 23 84
93 40 29 82 42 84
47 66 67 41 86 97
10 90 80 74 88 65
56 53 71 82 68 62
89 67 94 49 82 53
98 4 11 2 55 84
54 66 47 82 42 38
19 73 13 79 65 63
17 23 12 40 98 44
57 60 90 63 21 95
38 50 13 26 3 81
24 60 15 48 41 44
40 34 27 1 97 30
1 47 10 65 28 20
9 87 74 31 53 46
91 44 92 49 31 78
54 26 78 14 97 1
38 64 52 15 25 3
80 93 58 14 12 54
99 1 86 48 14 92
1 61 57 25 91 76
32 40 16 22 87 83
26 63 80 11 92 27
98 90 44 85 83 6
50 57 38 18 88 65
44 68 73 88 52 3
45 52 81 9 95 28
79 82 82 71 60 20
99 1 77 81 49 66
66 92 81 84 30 94
3 59 86 98 84 52
43 53 83 72 26 12
61 5 11 60 75 51
24 40 58 74 1 80
35 55 91 96 66 45
25 89 68 82 28 19
91 48 9 88 28 66
17 58 26 85 66 88
78 92 60 30 41 82
89 60 32 60 43 52
91 66 68 34 36 32
65 66 88 69 32 82
79 10 53 71 88 11
84 33 86 53 18 74
17 82 58 21 32 11
77 38 66 53 1 31
89 7 86 79 79 19
79 28 32 17 90 24
33 66 49 99 34 64
19 30 27 7 90 77
63 78 48 67 85 63
80 88 58 7 40 36
30 30 28 8 68 10
4 94 20 71 79 33
89 98 78 45 58 75
1 67 97 55 38 4
61 1 57 9 9 3
69 64 27 19 54 15
75 56 84 1 94 55
87 32 79 28 44 42
66 80 57 56 93 39
80 15 36 87 81 33
17 14 12 78 12 17
67 84 41 42 52 73
14 86 89 25 50 53
2 46 66 55 68 67
82 29 48 49 60 76
62 93 11 2 45 38
94 91 97 39 44 23
59 55 49 89 21 39
89 35 82 56 77 10
93 6 30 66 9 12
96 50 38 82 50 10
21 19 44 70 62 66
28 90 32 46 60 57
89 54 4 38 35 14
76 13 39 39 46 17
49 59 91 75 17 11
90 24 17 41 11 37
19 22 67 45 11 57
18 13 76 58 75 45
60 68 81 58 97 91
15 95 60 33 27 85
11 90 17 91 49 47
32 30 10 92 3 31
64 49 77 44 33 50
96 28 2 99 48 73
27 60 90 92 25 46
39 92 81 12 57 64
37 77 21 73 6 46
10 21 30 61 74 65
50 88 99 70 69 57
15 15 3 77 60 81
68 75 90 89 19 13
77 8 91 79 29 52
42 65 29 7 40 64
85 39 63 74 75 39
32 49 78 11 62 90
95 97 72 49 1 61
15 4 78 84 66 53
63 28 33 33 54 91
43 82 57 71 99 17
47 66 95 54 27 87
71 47 25 88 47 67
81 29 5 45 91 84
73 19 57 29 43 46
51 91 70 29 92 11
43 74 48 77 56 92
2 76 60 95 30 16
83 35 36 39 18 40
61 10 31 36 97 66
46 84 74 54 42 93
85 45 80 92 89 93
62 23 62 33 17 72
78 80 15 63 94 23
69 26 67 30 33 37
92 18 32 80 86 72
37 21 89 94 1 73
31 49 42 24 53 48
86 71 21 15 48 41
77 40 3 72 79 61
99 79 44 91 71 99
31 84 94 69 70 58
48 25 86 63 57 22
10 39 91 73 67 38
82 24 33 50 75 91
85 43 22 91 33 28
21 18 7 2 50 12
24 9 88 88 51 53
74 50 57 41 82 44
96 66 37 2 89 93
58 77 34 47 47 62
96 95 45 48 26 5
68 31 44 16 1 62
98 8 54 98 17 67
58 2 11 43 48 40
56 29 47 85 24 59
31 73 82 37 36 95
70 6 48 73 25 10
85 39 80 73 89 49
11 86 66 66 17 79
98 84 86 45 13 19
80 75 20 5 17 43
93 81 99 6 40 2
69 50 4 2 41 71
20 84 36 43 64 9
62 35 17 56 61 62
57 51 79 77 83 96
70 94 23 19 70 92
53 20 34 79 82 9
9 45 51 50 72 58
9 78 22 89 36 30
16 25 48 7 96 36
67 1 48 80 67 77
17 51 55 81 94 49
89 87 47 28 45 76
59 12 47 29 12 68
63 79 23 37 53 85
68 12 95 97 97 68
37 13 34 80 49 92
43 94 16 47 46 54
42 73 65 83 36 16
73 10 26 80 21 6
63 82 1 75 29 24
9 51 92 1 26 4
32 2 11 18 89 20
63 2 89 82 99 7
49 35 70 6 82 94
47 59 36 87 27 68
66 3 91 44 3 7
68 62 40 3 52 77
30 70 10 71 80 39
87 21 75 52 49 69
4 11 24 14 56 96
63 31 95 16 9 35
82 63 79 59 8 53
5 91 71 70 39 79
18 86 82 45 45 90
50 66 98 82 65 44
69 11 19 4 51 78
8 54 62 94 77 47
81 8 89 63 29 86
5 21 44 34 43 33
91 62 39 81 52 11
30 3 10 19 56 9
60 2 53 36 86 46
80 89 47 93 77 40
13 82 11 29 52 63
42 84 76 63 22 93
56 97 42 41 14 56
26 25 13 21 3 53
86 87 78 59 44 92
54 82 44 29 6 12
44 65 85 11 70 8
81 47 34 41 87 8
64 82 54 94 83 96
41 6 6 56 50 17
47 83 95 90 8 44
50 11 80 35 95 7
24 96 74 37 4 46
23 9 72 80 52 89
52 51 85 79 59 17
29 1 81 91 87 2
46 23 86 38 19 5
63 47 11 8 43 85
27 27 11 63 40 34
3 1 42 32 72 9
70 77 54 55 67 81
6 10 30 91 7 34
6 80 22 5 59 34
36 85 62 94 85 25
74 81 7 3 95 17
87 92 29 68 32 90
48 94 34 12 69 68
8 66 48 33 12 63
68 82 20 99 4 91
15 25 92 2 85 47
45 20 60 6 43 63
70 74 83 90 33 31
93 65 26 60 15 23
18 45 74 47 39 71
27 60 63 14 78 11
57 39 44 90 21 19
7 95 29 26 91 62
8 71 74 99 33 75
65 48 36 65 71 32
69 15 66 49 37 16
92 77 72 62 15 65
9 2 73 62 9 96
91 28 81 70 91 98
53 65 60 98 44 42
93 66 7 23 7 27
2 37 6 67 20 84
66 85 76 1 56 64
48 96 61 99 42 68
13 75 80 98 50 77
20 99 84 87 26 12
34 55 35 28 55 5
19 82 70 88 41 58
43 58 91 66 87 85
98 86 98 28 50 83
50 8 30 50 50 77
76 17 60 8 55 78
59 92 17 38 66 15
19 37 21 60 49 20
21 57 1 11 21 21
16 95 6 56 32 27
6 53 68 28 7 20
22 85 30 66 27 87
43 25 19 49 16 30
44 97 8 73 88 16
29 79 75 78 65 77
71 70 21 96 69 27
18 23 10 47 86 34
97 50 37 37 8 12
32 20 91 95 71 86
20 75 74 54 20 76
87 89 31 53 69 52
59 65 74 86 24 17
63 35 57 47 51 17
59 12 7 35 11 38
93 92 3 98 61 59
90 58 38 58 95 33
28 91 42 3 42 6
32 76 58 82 27 49
29 76 25 52 97 39
76 2 54 20 67 23
24 12 74 86 43 46
25 14 20 77 82 16
31 29 1 1 24 83
88 45 42 90 18 77
93 45 18 40 80 20
96 6 71 68 4 19
87 58 35 4 90 95
31 88 71 12 37 32
98 7 80 48 27 93
88 11 31 91 98 71
68 42 57 72 63 28
19 54 2 50 31 62
49 13 21 70 71 83
96 19 79 70 93 48
37 37 12 79 8 16
68 26 10 82 94 36
88 78 76 26 73 15
28 78 31 51 40 80
85 10 78 20 18 52
59 49 50 5 95 10
36 18 5 78 58 87
55 16 54 18 25 16
44 37 15 34 13 26
28 37 55 64 11 31
83 57 68 11 83 93
84 24 52 59 47 3
98 54 2 68 15 68
87 21 39 26 66 97
99 5 82 16 79 30
3 46 69 47 22 54
31 14 62 45 32 21
69 89 47 14 32 10
11 35 21 95 71 66
8 17 89 16 52 91
32 18 26 69 68 5
18 25 79 5 67 50
88 36 46 6 24 55
28 88 98 3 19 78
58 66 53 40 88 94
33 50 45 97 86 79
31 8 1 25 67 8
62 32 35 36 83 93
43 32 51 12 62 52
36 98 21 98 63 29
40 7 94 65 96 7
92 40 17 69 13 40
46 87 54 86 73 52
51 1 64 50 99 19
1 91 23 76 21 3
22 54 70 75 37 4
42 51 76 92 32 91
29 38 90 34 35 77
70 17 49 81 32 83
89 63 78 28 27 19
30 69 38 37 99 65
69 46 78 65 75 60
7 53 91 64 94 13
72 79 80 12 8 65
60 86 9 64 14 77
36 96 20 3 97 42
97 46 15 51 34 45
35 58 44 52 62 96
25 48 70 98 4 46
23 87 89 70 96 34
46 16 7 79 98 15
32 37 49 16 31 15
75 19 5 27 14 64
89 39 82 85 93 39
80 75 35 53 36 44
42 42 11 82 57 47
15 70 55 73 71 33
2 40 83 41 57 28
63 72 65 33 92 92
14 1 82 14 93 82
17 77 40 93 34 65
44 88 80 59 87 89
44 27 61 72 85 24
22 34 75 97 95 63
69 10 58 24 79 41
15 48 96 54 74 61
17 73 40 83 89 48
71 17 44 26 43 55
44 32 62 42 59 96
71 86 45 28 65 53
96 11 72 52 17 88
89 18 89 44 90 73
6 72 78 93 4 97
6 96 14 52 55 54
62 45 48 7 18 19
50 96 80 50 87 59
45 93 44 26 55 77
47 37 83 66 13 45
82 79 29 69 31 32
71 93 97 61 53 42
81 76 97 30 88 44
92 28 83 66 62 5
82 9 36 39 50 58
64 32 24 96 66 25
31 94 31 76 70 98
75 90 57 24 25 69
76 37 99 82 92 30
39 39 35 75 22 21
31 93 87 31 62 80
29 94 60 95 63 75
24 47 62 50 52 62
69 10 10 91 18 84
49 52 77 4 6 10
43 33 17 48 9 49
33 60 36 32 24 45
8 92 39 35 90 82
34 28 44 22 33 75
43 56 89 56 87 49
89 17 99 5 71 35
38 4 82 30 10 10
66 85 9 86 73 78
32 20 92 86 95 4
65 65 97 36 97 47
55 74 60 71 71 77
98 8 5 52 33 3
36 75 39 42 48 41
85 53 38 89 31 1
72 57 17 74 33 96
35 88 86 48 15 93
85 85 13 96 76 9
74 4 89 70 58 49
59 15 58 18 73 31
36 8 15 54 7 72
35 8 28 15 52 37
67 80 17 60 38 5
33 57 40 78 69 10
50 1 29 56 40 49
64 76 20 4 20 18
18 21 74 70 95 14
50 49 13 88 44 99
72 72 24 69 83 53
88 15 86 82 85 50
13 80 17 87 70 77
37 74 68 36 34 64
1 85 3 66 37 45
73 46 30 85 93 29
49 72 37 10 73 44
88 84 44 83 95 31
67 37 79 8 65 27
59 51 48 87 36 78
2 25 77 29 48 20
99 35 64 81 73 4
23 51 90 71 33 83
42 57 56 90 64 52
48 24 73 20 92 42
42 70 87 49 49 87
86 2 19 88 94 16
60 45 72 1 37 74
22 32 71 82 22 85
43 51 94 96 17 41
46 12 73 76 45 32
2 74 56 60 84 7
5 9 98 78 41 55
56 88 70 64 10 21
44 2 17 5 93 68
20 39 92 53 97 97
20 12 65 27 44 96
78 93 94 38 91 40
22 40 21 95 28 6
80 33 20 82 40 29
29 77 49 4 82 51
26 89 16 47 13 41
68 60 77 34 88 17
32 86 92 93 25 53
69 51 72 59 75 3
46 66 7 85 50 69
50 49 27 77 78 68
15 91 61 59 81 53
97 57 74 63 36 49
41 9 79 87 86 84
77 97 69 28 8 3
41 31 86 92 14 68
26 72 28 70 23 54
58 26 89 94 86 58
94 99 92 68 8 30
45 80 92 54 24 29
25 57 79 91 66 56
20 86 30 40 91 20
23 16 59 41 22 95
84 36 32 63 76 77
57 27 98 51 6 59
81 35 30 45 38 67
17 52 93 25 20 72
49 48 83 52 52 15
29 25 8 41 41 89
88 98 15 66 41 6
80 70 67 98 2 63
31 27 36 73 60 94
63 27 53 99 69 56
35 83 35 16 60 86
67 94 90 91 68 47
99 92 15 23 65 42
38 45 59 91 97 47
97 41 15 78 16 26
37 92 3 30 88 64
45 91 27 69 13 51
29 13 18 85 16 14
21 40 95 52 80 74
93 59 48 68 37 59
59 14 20 61 60 67
44 35 86 17 21 81
42 83 32 44 72 5
89 50 11 94 50 94
57 58 34 90 76 37
7 35 59 28 70 80
17 26 76 77 72 69
34 73 40 78 63 97
1 11 65 53 38 99
50 40 96 28 32 97
47 57 80 78 22 73
91 87 60 5 66 92
46 3 61 45 66 93
91 69 31 56 7 13
4 73 91 29 15 75
57 31 73 74 25 32
76 89 60 46 5 67
67 48 31 5 33 96
50 33 26 3 79 84
92 44 33 63 22 23
87 67 80 61 66 86
25 80 57 5 48 40
34 58 8 73 51 11
43 63 49 52 77 99
34 82 52 87 5 62
74 75 97 70 51 68
5 22 8 27 11 51
48 3 93 40 62 15
2 75 18 80 81 99
37 54 3 32 13 36
25 78 33 95 62 17
23 76 20 34 90 61
35 89 33 92 31 44
16 40 46 6 59 44
76 76 99 37 26 86
90 11 63 20 22 75
40 7 24 51 59 75
29 53 52 97 21 43
47 47 85 34 62 10
1 64 67 85 87 30
3 86 85 58 35 58
3 84 65 85 12 55
16 49 53 70 55 3
21 38 87 2 89 73
65 53 37 89 74 82
24 64 44 8 28 90
1 20 62 87 52 88
73 58 11 79 11 82
52 2 23 38 46 29
18 55 38 9 62 52
65 81 79 16 94 26
23 71 70 58 73 18
62 75 62 56 66 33
85 79 81 39 90 77
30 68 43 9 3 7
32 64 4 39 16 12
20 86 56 63 71 63
84 77 42 58 28 8
36 87 94 67 16 2
20 90 45 2 20 15
33 68 87 82 19 27
97 95 53 75 69 41
13 6 11 37 21 10
17 29 15 51 97 97
71 65 25 66 16 79
34 22 55 42 28 20
86 34 92 48 34 58
83 35 66 41 61 93
74 88 61 2 3 31
92 9 88 30 65 71
84 27 60 61 44 31
31 84 29 53 85 37
47 54 53 3 38 92
85 11 74 30 3 88
70 7 50 33 59 88
38 51 15 31 2 23
76 4 50 9 65 74
79 19 74 11 37 60
76 25 39 95 37 65
90 64 3 9 41 64
29 11 1 53 21 30
52 60 69 65 47 31
93 99 10 34 11 40
93 88 38 85 69 76
76 20 10 21 89 49
99 42 19 78 67 20
19 5 25 34 62 93
79 81 13 93 80 45
84 27 75 57 78 40
62 65 39 64 62 3
87 37 75 54 8 8
55 60 79 90 19 30
66 58 20 32 76 56
61 68 30 6 42 99
10 10 82 91 26 64
91 21 8 18 86 49
12 85 37 71 63 38
93 54 29 86 99 50
3 60 92 57 23 4
81 39 73 72 86 19
16 26 91 5 1 66
46 39 58 95 46 34
70 5 77 35 12 23
23 58 67 23 68 73
51 21 43 45 3 25
62 32 94 62 18 27
91 93 82 72 78 19
40 58 47 62 16 45
75 97 27 70 27 82
33 31 72 61 5 42
35 66 69 70 24 19
29 68 59 52 22 73
51 93 70 48 31 30
32 40 5 36 27 5
36 51 5 8 30 58
25 38 16 5 3 39
13 64 19 72 91 18
53 16 38 18 99 53
47 18 71 94 6 11
5 94 67 88 34 3
63 47 18 21 76 37
38 75 24 72 91 72
94 20 84 69 96 23
65 36 92 76 79 6
31 81 59 64 91 68
68 81 14 88 40 29
98 47 1 67 55 29
72 65 77 17 47 73
1 15 74 93 13 88
50 76 92 18 31 77
78 30 79 49 7 5
21 37 38 17 9 99
19 62 27 9 29 11
30 44 53 92 47 91
79 68 18 89 50 18
61 3 34 79 43 84
81 15 6 18 25 50
85 74 35 28 50 84
77 27 95 27 84 27
21 14 79 70 97 24
53 21 21 31 53 77
49 70 70 99 53 86
93 90 10 86 45 84
88 85 3 36 76 16
75 91 82 95 5 50
4 49 70 24 10 20
15 93 37 93 62 75
24 5 64 94 32 53
60 58 10 5 43 43
7 51 45 23 85 98
64 80 26 78 43 76
11 54 78 79 30 12
80 56 11 57 49 70
74 82 62 31 69 48
29 58 87 55 55 66
57 4 19 70 86 45
58 7 40 27 2 69
54 69 84 90 21 80
86 96 44 52 39 85
93 17 49 49 64 15
75 54 96 15 24 19
71 2 15 80 53 28
16 51 85 32 54 24
26 48 56 81 85 81
75 4 27 38 79 3
12 84 40 38 4 64
55 99 63 79 64 88
87 35 26 20 63 20
6 21 3 71 33 91
22 19 81 12 35 6
99 40 30 51 98 87
58 12 33 73 98 51
11 43 40 63 59 20
50 68 99 37 57 39
37 98 85 90 2 12
49 80 63 41 75 26
37 41 82 64 59 46
69 44 43 9 3 47
33 27 54 42 90 61
56 18 93 78 98 58
68 9 10 82 27 15
4 22 45 75 26 26
43 99 24 40 74 60
92 80 97 54 96 6
39 39 79 33 54 8
65 75 29 15 79 55
46 90 15 82 72 4
60 13 21 55 85 88
16 77 42 80 46 93
69 74 58 46 36 12
69 20 12 1 22 45
83 50 54 31 94 9
61 35 70 57 14 12
64 61 31 22 98 42
25 19 35 59 7 81
40 60 8 7 16 6
17 58 96 10 25 98
81 31 68 83 58 56
34 38 50 41 83 6
3 74 47 50 1 97
45 76 24 30 89 42
95 21 62 68 80 25
80 22 75 84 45 24
23 38 5 47 31 30
34 53 39 7 44 36
3 25 12 32 64 79
24 69 43 61 56 10
41 74 37 88 41 69
25 27 56 90 80 95
2 11 27 15 4 7
16 21 26 40 28 47
52 35 47 87 91 21
94 2 91 31 18 43
52 29 84 54 84 83
90 20 75 69 78 47
91 81 39 86 44 93
40 2 35 29 57 32
64 1 28 60 67 6
71 66 58 57 15 31
65 32 59 39 96 52
93 36 80 41 66 1
55 1 64 41 35 24
47 34 6 2 74 97
11 46 16 75 7 73
40 48 71 32 64 35
46 37 62 87 65 84
3 88 65 21 54 56
92 77 43 55 43 25
16 8 6 93 60 15
85 60 73 7 80 80
3 23 77 82 95 23
64 23 56 91 79 78
30 69 56 75 44 8
90 58 34 21 27 92
72 7 81 74 14 27
96 81 33 39 83 15
37 10 88 46 64 63
9 71 87 80 43 5
93 46 94 57 92 65
60 65 9 16 55 4
43 24 15 55 2 80
23 60 81 79 60 94
47 8 10 99 62 85
12 34 49 6 37 10
73 31 5 75 86 12
9 12 35 44 80 96
67 68 86 73 87 83
62 14 63 32 77 96
71 58 21 58 56 21
47 66 89 85 46 46
42 38 30 15 89 69
69 64 51 13 48 9
23 83 16 73 53 19
9 88 23 79 49 62
36 31 93 65 89 80
51 62 61 35 29 31
70 93 99 44 67 41
34 47 18 58 30 94
72 76 14 48 99 89
17 90 91 36 49 96
17 62 54 45 36 86
9 9 47 31 6 65
19 77 10 52 32 52
5 71 28 16 26 55
34 70 12 48 31 27
35 5 69 27 7 58
88 35 48 75 82 88
89 72 23 43 20 50
40 80 52 86 27 9
81 19 98 34 59 91
95 36 68 93 92 61
9 47 15 86 88 47
18 12 77 56 19 10
43 89 71 8 88 98
46 54 22 97 46 48
8 93 49 17 39 13
74 44 35 61 84 44
56 36 30 31 51 8
60 95 80 29 79 15
66 5 99 90 43 36
25 35 6 36 37 15
51 71 88 53 55 81
32 55 71 52 59 49
84 43 18 54 87 20
35 6 39 22 51 21
37 19 96 54 27 48
93 31 49 14 2 26
2 46 17 39 7 20
20 22 46 33 87 53
21 86 4 55 83 66
29 2 73 74 44 14
28 33 20 93 91 30
68 23 14 30 84 89
99 33 58 20 5 34
96 23 3 53 98 43
37 63 18 51 80 16
97 11 75 64 76 32
38 57 71 47 58 77
52 64 73 48 20 74
10 70 91 60 47 7
17 20 96 88 64 63
51 5 78 87 30 66
83 9 85 94 5 82
9 20 19 97 91 40
27 78 64 50 17 83
30 79 22 59 63 78
17 37 76 69 66 89
67 33 38 67 5 44
72 77 88 91 74 83
99 30 94 16 65 4
86 79 47 5 50 34
80 29 27 63 10 43
60 86 57 38 78 3
74 37 33 48 58 12
69 6 96 85 84 15
61 77 83 40 27 23
16 15 22 84 88 23
38 68 9 35 37 24
60 27 43 60 93 14
44 6 64 63 51 10
34 23 84 15 86 65
13 18 50 14 65 72
57 83 60 42 15 15
59 84 82 24 69 48
30 12 84 51 69 56
79 23 8 35 60 24
86 80 78 75 45 34
54 77 57 58 88 84
17 46 29 44 46 45
10 36 35 78 71 34
17 47 64 15 99 75
46 55 73 87 64 21
20 46 2 16 65 6
36 88 12 3 29 58
71 90 49 2 47 58
54 34 69 88 34 74
24 31 9 29 94 13
55 40 51 66 83 70
76 94 19 2 71 25
34 77 87 97 17 47
7 96 26 93 33 29
67 13 60 22 99 71
71 5 73 29 15 76
88 81 77 95 4 47
31 96 31 60 6 58
3 63 77 40 14 61
74 88 82 25 90 41
84 46 28 69 18 32
58 25 45 94 13 76
4 20 79 98 2 43
24 2 25 38 99 63
43 11 76 62 40 92
70 22 21 13 7 90
84 87 75 81 52 21
59 54 65 30 80 57
75 80 47 66 50 48
67 79 23 4 66 50
55 82 17 21 31 84
55 61 87 33 27 45
58 86 42 49 97 58
47 6 95 42 82 5
14 66 49 43 46 72
93 53 12 67 46 71
57 1 12 73 3 62
7 92 19 45 84 56
53 99 42 84 8 95
8 96 53 8 85 10
37 60 72 35 17 33
74 94 86 86 87 52
46 61 90 40 54 81
28 54 11 95 16 46
51 58 8 46 56 32
61 75 98 1 34 63
6 67 29 76 4 45
64 18 96 1 60 87
45 49 30 67 27 74
76 70 38 17 61 42
99 43 46 1 27 38
60 97 21 87 2 1
58 62 93 86 24 42
50 29 81 94 26 65
78 27 90 41 75 48
35 63 72 91 24 54
95 75 68 5 51 62
90 45 58 9 50 23
78 56 64 35 76 60
62 17 33 90 49 51
97 39 27 34 25 54
31 42 72 20 23 31
85 30 34 5 31 85
23 59 95 40 25 9
14 46 96 86 5 31
79 52 26 61 17 69
51 45 97 97 56 67
17 28 71 65 61 94
32 10 3 41 89 60
38 36 61 55 97 13
26 25 72 80 98 67
40 3 91 97 93 72
23 28 75 37 57 30
73 28 24 15 99 37
63 52 45 65 96 44
8 52 18 71 78 74
89 17 46 25 10 7
92 20 42 36 80 53
92 6 28 82 60 83
71 36 60 19 74 51
75 33 18 82 96 97
60 40 23 81 39 35
48 19 75 19 4 14
95 95 32 48 16 85
22 2 81 35 54 42
73 76 47 2 7 7
16 21 44 86 92 50
89 47 93 84 65 60
81 12 13 92 24 87
76 17 47 71 56 69
38 66 97 88 4 35
11 68 8 38 15 59
11 91 77 36 27 2
25 1 28 79 39 1
41 83 84 42 32 66
95 67 35 21 84 10
62 95 43 51 72 67
16 22 72 24 83 57
30 76 57 51 6 16
27 23 54 26 82 25
54 40 34 71 40 87
93 54 67 3 75 35
46 92 36 13 19 3
31 74 84 32 91 77
5 88 66 9 32 88
75 69 61 81 21 9
94 93 36 19 36 80
56 86 90 76 81 95
86 16 75 54 70 40
26 21 31 22 70 38
10 6 88 72 10 89
88 90 38 29 62 1
70 14 20 11 7 55
80 83 32 34 61 36
52 19 87 74 41 21
1 68 14 4 48 48
36 58 34 88 24 2
9 55 40 69 14 48
57 33 57 69 20 99
71 85 53 77 13 96
68 33 86 65 64 68
37 81 56 77 26 57
23 20 70 88 48 24
86 80 60 12 12 45
7 74 27 82 9 88
92 42 26 89 33 44
30 90 81 9 86 23
45 52 5 47 13 97
81 11 41 58 38 1
90 50 23 11 83 90
99 24 88 93 91 75
88 43 52 4 6 46
40 87 71 44 11 2
22 63 3 72 45 77
61 84 30 29 74 56
61 66 75 40 50 54
88 25 3 85 15 77
79 31 61 74 9 68
51 1 91 52 9 20
92 49 35 15 41 1
26 63 28 41 27 97
34 77 10 96 68 58
57 48 71 53 23 30
76 14 24 72 92 20
8 23 9 69 99 18
74 85 60 30 75 2
39 21 71 35 21 20
17 18 80 62 18 65
46 59 78 2 65 12
60 32 35 29 56 65
81 31 31 63 70 34
17 24 59 46 30 51
12 87 10 60 63 48
87 63 42 45 94 59
19 52 65 44 59 83
78 84 94 64 17 26
92 93 92 59 47 95
41 28 22 41 64 38
44 98 66 56 26 2
1 27 83 45 21 79
34 74 40 15 58 81
83 98 69 95 82 32
49 28 18 15 94 1
98 97 94 85 56 6
44 73 11 1 11 98
47 88 3 42 90 51
60 12 24 74 7 1
75 26 21 88 6 15
47 86 23 75 35 85
75 15 55 5 98 77
4 84 57 41 7 34
86 98 60 12 35 60
71 92 52 40 30 33
23 48 35 29 6 73
8 53 72 34 48 47
92 23 32 73 44 43
59 48 92 40 21 97
67 28 66 45 56 69
26 13 48 45 83 64
77 30 73 29 22 38
81 8 89 29 69 81
11 10 24 18 85 84
77 41 84 24 45 89
93 58 49 15 35 46
42 75 31 59 48 64
91 73 5 31 1 20
48 32 90 56 64 57
61 94 5 79 86 36
93 72 56 42 80 51
26 39 7 36 65 38
58 20 8 48 89 84
83 65 13 47 24 28
71 5 41 92 76 27
48 96 86 99 23 97
29 6 19 12 8 49
29 26 68 10 34 75
84 73 6 75 73 42
8 27 20 1 62 58
86 28 87 93 27 87
19 34 47 43 32 12
80 12 11 5 35 59
35 59 33 47 38 79
74 11 68 81 25 29
69 64 60 3 93 80
76 61 7 48 71 52
26 36 6 1 26 88
19 39 32 98 29 53
30 30 46 19 53 5
58 78 85 58 70 39
99 71 1 93 90 96
69 64 74 29 43 65
99 26 99 45 28 31
79 98 66 6 95 29
4 64 76 29 45 60
91 65 56 20 85 63
96 76 49 37 8 4
12 79 3 10 29 69
78 42 82 17 7 1
98 89 35 34 9 43
37 1 17 99 12 52
62 16 5 52 60 73
5 53 5 38 94 88
47 79 91 91 17 34
91 17 73 68 68 9
29 90 14 92 25 83
18 8 21 6 21 23
43 65 95 56 33 73
85 5 91 49 18 5
18 56 34 30 11 85
91 56 71 49 13 34
9 33 3 22 74 43
88 30 34 79 86 84
67 46 51 92 81 83
96 26 63 69 26 88
91 55 73 21 29 90
37 94 65 94 84 46
42 96 61 85 42 56
69 46 69 91 14 28
79 5 11 45 19 7
16 67 7 65 46 9
31 22 48 63 69 45
1 21 36 16 80 70
5 76 96 35 18 16
80 87 61 44 75 56
88 68 2 41 64 21
8 42 99 12 14 74
76 26 50 57 15 8
15 8 11 70 78 62
32 88 33 16 51 15
61 86 11 51 36 20
93 52 23 68 1 47
89 78 7 36 13 67
85 61 61 47 89 10
62 81 81 66 41 85
84 62 51 51 56 33
92 42 31 73 6 39
19 85 73 31 56 51
44 85 53 29 66 32
65 70 73 66 73 72
35 15 4 61 18 14
7 28 17 79 20 91
16 82 85 55 56 97
95 44 51 36 71 82
28 74 82 42 35 56
79 63 88 25 76 48
12 96 62 53 9 97
6 77 51 74 65 55
54 24 72 10 95 64
71 37 46 56 91 80
53 19 65 55 91 79
56 40 30 94 64 13
40 41 49 92 31 36
98 31 3 82 64 93
38 4 57 63 78 44
51 39 93 51 48 24
29 84 21 98 48 80
38 35 29 37 55 79
56 85 57 50 2 92
60 99 90 17 32 39
97 32 15 25 31 17
21 52 28 66 5 75
98 10 49 94 3 51
24 20 21 1 56 74
93 10 28 27 52 91
43 44 95 50 73 17
43 39 36 73 6 18
10 45 21 66 69 71
30 24 67 17 53 59
93 45 12 31 67 77
79 78 56 22 25 24
6 38 25 22 69 66
29 44 79 65 38 84
1 42 72 27 28 13
78 58 22 26 66 86
69 66 46 87 34 93
41 98 55 67 27 65
18 69 4 65 18 75
25 38 12 48 85 41
21 33 43 81 12 12
63 9 5 60 40 28
17 20 12 82 65 87
26 46 69 6 58 36
99 12 18 41 90 72
96 65 94 29 93 67
48 2 25 87 35 68
36 22 1 72 18 75
53 21 60 50 6 56
22 33 31 34 25 40
46 62 78 54 86 76
40 44 50 43 97 25
59 67 60 43 72 38
70 57 94 58 4 59
89 75 55 31 83 95
33 15 28 24 54 90
24 92 40 4 21 34
62 6 45 48 34 12
19 13 13 71 25 58
16 50 15 17 43 73
47 42 41 25 48 50
6 7 8 49 29 54
99 36 25 92 66 31
46 9 60 48 82 34
16 46 75 38 22 63
41 96 95 27 31 8
19 49 66 49 86 72
41 64 58 20 44 21
32 75 92 51 94 13
41 40 97 99 76 60
33 11 95 22 9 35
82 44 32 84 78 48
52 62 39 32 53 98
53 33 85 74 40 8
69 15 97 48 55 92
75 30 13 40 40 97
98 63 57 28 85 11
36 87 35 62 62 83
28 43 76 78 73 27
60 25 73 15 88 48
18 90 60 43 80 18
41 3 5 69 69 58
11 94 33 56 26 74
44 47 31 19 55 11
44 41 11 42 21 88
44 36 48 55 38 63
31 88 68 58 72 18
91 26 34 61 59 53
86 92 72 63 75 80
21 87 7 83 71 86
79 73 49 74 44 11
84 13 47 91 68 53
16 44 83 11 91 38
14 69 91 75 11 37
3 1 11 77 38 96
18 10 60 77 44 26
97 91 16 42 5 68
2 70 39 28 6 75
39 57 94 67 12 47
78 8 12 40 18 25
45 22 40 18 48 54
26 66 36 23 46 34
81 69 33 7 2 91
7 69 48 18 65 32
64 12 85 24 50 6
14 63 64 60 11 77
79 18 93 87 54 92
95 64 55 64 5 84
45 19 20 35 49 66
13 33 94 59 67 19
89 72 76 33 14 16
63 38 28 29 13 89
60 78 14 41 71 77
97 12 17 10 22 48
62 12 20 59 88 88
17 32 93 55 57 65
83 74 82 97 66 30
30 56 19 89 12 92
88 58 91 44 17 66
37 12 96 86 31 93
81 72 60 72 8 45
24 28 79 64 50 91
10 99 56 51 86 33
54 48 58 45 40 18
25 75 67 30 84 92
35 47 39 29 99 92
12 27 21 47 31 9
83 91 14 5 61 86
22 5 49 10 34 54
8 96 99 77 16 55
43 35 52 9 61 46
57 75 28 25 61 42
8 74 22 76 28 92
1 13 60 66 53 87
63 62 83 96 28 35
68 82 66 8 23 97
98 54 25 93 97 62
33 47 64 38 57 23
94 6 98 60 77 41
16 46 49 15 31 53
12 8 15 80 84 19
4 99 32 35 69 49
91 33 59 75 8 59
5 90 29 27 30 4
81 89 93 10 72 47
87 44 50 38 96 64
31 94 30 75 3 94
99 12 73 30 7 13
21 95 50 39 75 15
48 82 79 58 44 62
54 92 86 24 35 52
27 50 54 22 58 20
26 19 97 55 5 33
25 89 45 15 50 99
67 82 24 12 99 59
45 26 73 31 58 94
70 63 36 76 24 25
88 10 14 36 24 43
10 58 37 75 77 2
49 46 35 43 34 97
27 41 77 49 8 13
42 64 19 34 2 74
68 31 97 18 76 92
36 44 85 41 78 33
69 41 44 87 52 25
49 42 46 71 14 48
31 75 43 75 90 52
25 76 22 10 18 62
4 31 76 58 65 12
69 98 18 63 97 96
58 91 99 15 7 63
5 49 56 75 60 61
71 28 22 74 78 49
12 73 91 75 93 43
85 47 90 11 63 18
55 28 32 93 5 46
3 46 60 78 96 31
22 87 1 66 56 3
29 86 57 93 48 27
30 34 58 7 56 78
26 6 67 25 80 21
44 64 1 49 72 74
15 5 53 12 31 69
31 72 76 68 81 85
38 14 80 21 91 69
5 80 55 81 63 19
3 85 89 4 19 67
81 46 28 65 40 42
77 79 7 96 68 98
56 60 44 83 65 36
20 80 25 63 90 52
10 73 88 4 73 33
40 96 34 94 9 91
41 91 27 62 74 88
55 74 34 14 39 25
23 1 66 8 94 57
57 71 74 19 15 49
33 77 29 16 88 82
83 4 46 83 55 95
16 23 45 25 6 51
78 5 37 2 58 94
68 85 42 42 56 13
84 44 79 45 57 25
71 33 71 70 45 45
93 85 28 97 47 21
67 62 70 83 9 67
35 66 54 41 1 52
54 40 94 64 97 22
36 86 77 61 85 28
12 87 53 40 89 71
4 84 71 8 8 63
74 19 49 83 91 81
68 18 36 14 62 90
61 81 70 78 59 7
13 73 11 86 58 38
59 64 48 43 55 69
47 22 59 31 86 54
11 56 70 78 33 50
39 59 18 96 34 10
96 39 47 20 92 13
9 67 30 35 34 10
61 14 35 20 14 51
82 88 87 60 72 58
2 16 41 91 55 6
90 34 83 47 89 24
60 34 51 60 8 38
22 44 36 86 7 11
98 87 83 1 52 63
55 87 88 68 22 24
43 94 3 78 84 20
81 74 35 44 15 82
73 69 51 36 1 79
63 94 94 95 27 64
97 69 72 29 59 18
89 72 91 96 64 28
54 44 97 94 14 63
39 94 3 8 38 67
44 98 28 73 7 24
18 28 23 42 92 17
26 19 69 91 13 54
85 66 64 73 12 27
19 66 17 82 94 30
50 51 76 4 89 86
10 94 95 2 19 48
89 46 43 59 18 87
78 65 81 6 74 36
93 66 95 27 41 14
49 55 82 84 61 37
82 80 17 1 23 36
60 98 84 11 46 12
24 6 12 76 4 28
17 10 80 87 64 16
92 72 99 45 86 80
34 97 76 41 58 90
62 83 75 86 15 72
86 45 77 53 6 92
80 5 15 98 4 96
10 27 38 62 29 10
82 16 76 21 95 76
10 16 62 53 73 66
16 41 51 67 2 13
32 11 24 61 92 93
21 3 52 21 67 14
64 40 89 91 67 95
85 76 92 77 42 7
8 97 72 39 58 14
31 98 13 76 77 45
47 9 42 50 88 72
87 93 55 70 27 96
29 91 97 70 45 20
47 38 62 96 88 6
62 10 58 88 51 19
2 81 82 88 11 92
42 82 85 42 80 62
93 55 91 4 75 24
73 5 37 89 60 59
79 75 47 93 91 22
46 2 54 54 70 21
64 8 66 58 60 81
2 49 62 52 87 56
45 54 14 21 79 93
35 76 20 43 94 48
43 56 5 49 31 70
50 32 50 44 80 61
67 5 16 40 39 72
40 36 3 93 15 27
25 13 43 63 43 33
49 58 9 13 39 36
21 86 59 66 22 94
18 52 64 69 15 98
84 64 37 30 40 8
76 38 87 35 40 51
87 92 89 24 52 68
2 25 45 26 65 9
6 89 44 90 26 14
97 23 60 75 75 19
62 46 98 54 11 33
60 71 94 57 45 37
93 7 11 51 59 29
82 88 68 69 67 54
69 96 33 3 15 58
85 22 7 31 12 96
84 57 63 8 39 49
66 53 60 1 67 8
43 39 55 47 98 21
7 86 3 30 69 82
37 9 64 24 5 61
34 71 46 25 26 36
26 52 6 45 86 50
29 69 22 16 97 99
98 15 61 29 91 97
96 96 28 76 68 21
18 80 42 92 78 6
33 16 77 29 24 27
20 10 65 76 45 21
93 7 91 49 38 47
22 76 12 6 11 66
62 87 34 59 18 68
18 36 17 74 43 49
22 32 83 39 57 74
84 94 16 50 13 48
52 23 93 20 23 11
30 15 65 17 70 41
51 73 80 34 11 55
66 89 7 2 6 55
59 98 91 46 7 92
70 43 72 60 16 95
95 62 93 30 12 17
78 39 73 52 77 93
79 56 86 43 5 95
50 90 70 13 74 2
12 70 35 69 10 2
98 15 78 16 41 65
84 69 44 36 99 11
77 71 27 15 70 68
47 51 55 1 68 84
99 11 87 96 36 52
16 39 76 41 79 45
65 84 56 70 29 66
66 53 96 37 34 93
30 24 8 10 84 80
33 59 5 23 71 74
27 36 79 46 58 89
32 47 51 78 59 38
3 62 87 44 73 25
74 56 53 53 12 37
40 57 34 65 32 25
88 40 79 96 13 13
82 85 88 6 89 6
97 87 89 93 49 98
3 73 39 75 30 64
33 62 47 1 80 23
40 60 77 35 24 70
77 65 46 95 2 17
63 65 67 14 43 85
96 69 91 63 52 81
24 21 16 2 23 25
7 28 95 20 52 16
3 99 66 10 62 83
1 24 44 89 76 50
10 32 39 68 37 43
99 5 93 47 80 19
16 37 17 94 69 32
58 31 10 22 91 79
93 52 42 42 55 38
92 16 8 56 16 84
3 39 67 46 79 24
55 89 44 40 27 9
24 1 42 67 50 67
88 55 26 24 78 50
1 46 75 14 14 56
87 27 90 78 32 62
22 81 40 27 58 96
39 10 23 50 80 13
62 14 22 70 84 99
41 41 43 46 35 92
47 42 41 81 59 71
60 72 74 79 91 9
61 95 98 72 81 5
64 99 96 57 53 81
29 24 81 47 40 31
25 35 9 57 22 50
3 55 93 95 60 75
79 8 59 62 42 60
65 40 30 75 17 59
90 61 96 88 75 31
41 92 50 58 15 65
66 19 90 63 87 58
87 46 28 33 4 97
30 51 87 33 21 94
22 89 44 65 32 63
57 18 27 20 2 45
6 89 49 4 18 91
55 20 46 35 16 36
34 9 39 7 58 53
49 47 27 64 73 56
22 94 57 38 9 98
76 73 91 41 98 45
56 72 30 93 47 17
60 80 44 30 11 33
9 25 91 73 78 11
6 28 86 47 28 29
71 77 35 78 75 90
26 29 58 65 82 4
2 38 50 83 58 88
35 94 68 11 28 10
54 59 42 89 18 5
69 55 91 82 88 79
52 66 36 95 83 34
34 81 8 28 69 86
57 72 63 81 69 86
63 36 25 20 74 37
87 77 58 13 13 38
49 59 29 14 16 67
81 31 98 27 12 58
85 22 20 51 84 45
51 51 14 26 90 40
42 21 6 10 83 52
92 28 91 60 4 72
73 62 76 94 42 16
43 71 90 51 63 7
17 34 58 23 73 64
90 76 41 56 63 70
45 93 25 57 9 1
64 93 62 36 3 65
97 31 34 64 99 47
65 99 66 89 71 8
41 73 45 50 61 27
11 91 88 72 55 88
47 85 73 16 2 66
16 79 56 62 72 86
26 21 67 32 78 7
36 10 3 90 84 79
68 80 96 3 46 83
42 39 54 49 91 19
21 95 39 94 40 48
94 53 44 51 68 41
94 1 21 10 98 46
99 71 11 69 74 95
97 91 56 86 95 77
22 62 30 67 34 71
45 66 96 11 33 92
74 86 46 52 26 10
2 26 8 17 76 46
94 25 40 36 58 31
8 66 87 99 20 8
48 7 82 72 14 98
63 47 12 7 57 19
59 85 50 59 86 4
46 90 14 25 28 35
43 58 26 51 21 71
47 32 58 96 30 44
29 80 11 26 15 46
64 72 74 13 60 54
73 3 22 61 87 38
2 81 48 47 99 66
64 3 47 19 92 83
79 36 39 42 6 12
16 7 68 37 95 92
73 10 14 43 61 47
42 76 41 23 60 87
48 91 89 89 95 98
9 92 98 41 66 75
98 25 52 98 75 60
64 64 34 4 27 60
64 98 45 62 7 5
17 36 26 48 99 38
39 38 78 32 51 13
95 35 35 27 90 10
77 15 30 79 80 95
63 84 30 60 69 67
55 15 53 5 62 61
78 87 62 60 32 51
52 47 51 24 82 79
98 47 11 19 17 98
89 54 11 19 43 88
72 17 99 91 34 35
99 17 65 59 49 55
81 15 10 72 2 73
95 3 28 23 14 10
39 54 58 35 82 71
26 55 41 58 84 50
46 55 13 30 34 56
48 14 18 49 29 50
32 32 83 63 57 12
30 3 54 9 82 64
80 33 91 48 13 66
79 16 20 88 15 95
12 92 84 43 72 39
89 75 9 44 20 81
39 83 10 91 63 90
50 6 81 93 54 9
4 51 84 48 82 98
4 83 19 71 33 46
10 48 53 20 26 50
69 14 71 84 56 1
30 55 51 47 15 2
38 74 61 17 56 96
37 63 61 84 83 36
15 63 49 3 12 98
67 86 12 45 96 44
51 59 3 98 30 22
46 47 3 33 39 71
21 61 10 46 73 55
21 1 59 17 66 56
69 14 64 92 4 56
76 60 64 34 99 91
2 35 96 81 8 22
90 76 28 53 89 82
19 40 2 3 62 85
76 56 38 9 31 48
80 30 15 45 5 59
78 40 49 66 10 79
58 75 78 45 72 12
66 15 45 17 29 14
16 11 50 40 9 43
11 1 73 93 83 34
87 99 19 95 13 98
29 45 76 10 88 76
68 70 17 3 7 40
97 22 67 8 53 87
93 93 48 76 87 70
19 36 26 4 85 36
50 22 31 17 30 22
32 69 93 97 33 93
58 59 61 76 52 56
92 48 89 55 32 89
19 46 74 28 98 71
29 1 50 83 86 29
98 19 60 36 79 13
69 93 81 68 78 93
3 28 46 95 86 80
82 24 81 42 19 80
54 22 48 77 75 8
8 71 9 82 49 76
67 7 34 11 87 20
82 59 36 54 32 14
96 96 46 40 9 91
32 36 66 47 79 41
90 63 67 5 37 78
36 35 30 24 30 26
21 56 24 13 33 37
7 51 93 42 62 51
49 9 56 50 8 56
57 19 46 22 86 35
12 67 76 75 19 31
50 21 84 57 42 88
88 22 86 87 53 37
64 37 80 31 25 58
62 14 66 69 43 31
14 97 42 28 21 53
15 37 32 15 97 29
56 39 73 85 98 83
57 37 98 39 38 10
70 56 76 22 24 8
59 62 4 9 1 39
89 5 6 65 72 98
7 21 18 64 80 92
83 16 6 25 31 44
60 24 22 24 82 64
73 81 56 32 65 25
50 98 89 30 55 47
17 22 50 31 14 10
65 70 35 42 22 69
9 25 40 88 35 53
23 12 81 80 95 29
20 72 52 77 91 21
77 25 8 91 1 77
84 39 96 61 43 24
80 40 36 66 3 70
26 85 60 49 44 94
39 47 14 59 40 49
73 55 75 90 92 54
14 17 16 99 33 59
54 8 86 14 46 46
99 92 70 52 90 48
24 20 89 20 85 49
67 97 76 63 75 94
10 56 43 13 91 76
80 79 2 79 64 85
2 28 48 77 85 41
85 23 87 52 61 17
27 75 48 17 84 57
82 26 30 38 97 67
42 40 69 24 46 97
97 97 42 84 28 39
38 48 98 16 93 89
4 93 26 21 69 82
41 29 30 50 10 70
3 43 6 12 37 72
93 38 84 10 81 14
83 82 23 94 42 34
69 66 52 88 49 16
33 34 1 17 2 53
31 92 85 84 79 23
41 15 66 27 28 50
42 93 89 48 79 34
59 40 36 1 85 12
96 78 87 70 50 15
47 65 46 48 18 22
4 18 49 60 58 22
65 61 61 37 43 32
99 90 99 21 48 23
63 12 56 66 48 60
74 84 68 48 13 41
35 17 44 35 11 10
94 48 53 44 40 84
96 12 72 37 44 73
51 45 2 28 87 25
82 97 35 9 12 19
83 10 57 50 33 91
65 3 22 62 20 86
4 84 78 58 37 2
29 98 39 80 55 86
86 53 6 98 84 17
52 16 55 66 29 30
46 26 97 94 48 35
61 60 30 3 91 78
30 63 28 90 47 12
64 83 62 79 33 81
79 45 24 29 55 99
45 19 72 40 45 7
24 2 34 55 32 95
79 83 14 91 9 23
30 50 84 87 31 92
19 38 94 41 98 57
75 94 78 97 96 62
84 35 14 48 15 71
69 24 52 59 81 98
86 45 55 62 24 36
99 27 37 76 21 28
98 68 19 1 91 94
22 12 38 28 10 12
38 76 41 49 31 86
68 25 79 13 52 35
62 37 17 10 32 17
44 75 82 35 24 45
83 14 60 12 93 73
99 95 84 52 76 55
39 99 98 25 83 4
11 50 83 21 27 94
77 21 42 20 56 49
83 74 57 23 95 51
18 86 82 47 41 26
4 74 14 85 23 93
14 35 84 51 78 34
91 78 92 53 85 75
71 89 3 62 63 77
54 92 76 79 38 52
53 30 50 21 16 99
8 6 95 83 26 34
52 39 97 52 84 70
34 74 67 53 3 5
84 70 78 72 10 2
86 76 13 92 82 31
86 15 23 25 59 52
7 46 7 73 20 40
39 59 97 89 42 92
46 23 13 67 81 15
8 55 34 96 50 56
47 39 80 87 69 63
80 94 23 98 14 56
10 2 86 12 9 19
80 1 81 44 82 26
90 49 16 53 61 52
7 65 51 29 30 15
88 53 59 10 64 37
61 40 74 32 67 25
42 83 72 4 21 35
77 28 95 21 67 92
66 84 62 43 5 30
13 80 27 97 85 49
85 45 87 87 50 23
66 47 9 26 4 96
85 20 65 51 24 34
2 44 30 68 95 71
36 35 52 67 29 33
31 32 43 28 36 69
16 35 39 97 98 99
42 56 3 88 29 52
92 44 87 40 19 79
4 41 56 7 32 84
98 54 42 9 57 37
21 61 24 39 9 97
13 72 38 80 29 38
34 17 4 27 70 79
13 80 47 33 29 46
63 69 7 61 16 63
66 1 34 15 29 49
76 81 1 89 8 15
12 48 27 76 60 85
20 75 20 37 21 41
31 63 48 91 23 76
47 73 69 44 27 58
4 59 87 86 1 86
15 69 18 95 93 84
24 93 18 53 83 86
2 38 2 19 64 59
41 56 68 34 72 92
20 99 11 25 99 20
80 19 8 11 50 91
72 32 47 69 69 32
69 26 31 18 3 79
96 46 60 49 29 6
54 62 89 61 31 7
79 63 67 89 98 76
62 74 67 32 60 12
27 12 67 59 86 44
48 70 96 75 29 80
41 13 56 43 18 66
74 19 78 87 15 11
26 54 43 48 93 48
42 58 66 33 26 30
94 41 68 54 4 45
56 61 91 74 49 30
5 69 10 10 77 51
40 47 29 75 96 65
78 50 64 53 19 87
16 83 24 41 46 31
63 90 54 61 3 38
72 32 88 58 18 3
53 80 54 97 26 40
43 17 41 19 63 57
2 76 61 53 80 86
35 61 25 30 89 99
61 72 40 98 14 80
40 41 13 87 22 44
12 93 43 42 1 78
89 1 66 60 55 14
58 97 43 33 31 52
39 75 39 93 50 75
99 34 66 7 71 82
72 15 2 76 92 79
47 66 61 9 78 72
9 31 64 70 24 21
48 49 18 11 51 68
90 98 90 29 59 60
13 32 80 51 88 73
64 82 57 17 20 45
45 47 55 37 70 39
76 83 74 39 34 3
14 10 12 18 51 79
82 67 54 27 89 76
18 50 65 48 6 88
24 68 97 99 17 35
5 31 44 65 44 45
68 6 45 70 46 27
1 15 8 12 92 35
56 99 29 3 53 66
87 27 19 18 19 67
59 13 22 96 71 99
43 73 86 70 50 14
96 62 91 54 29 1
43 76 80 58 26 76
92 19 3 96 47 21
90 42 89 43 6 75
38 31 71 30 64 93
67 63 89 39 86 54
40 53 60 29 46 8
96 89 8 42 4 73
95 87 6 6 94 33
57 55 88 56 40 46
64 11 5 95 48 54
2 61 42 92 10 34
67 31 16 15 16 16
73 76 64 39 61 16
81 4 12 78 46 68
43 67 38 76 13 8
31 77 70 45 70 51
13 57 72 8 95 45
9 89 60 89 83 7
12 59 30 84 68 97
37 86 22 86 46 8
95 35 60 41 21 43
57 65 4 88 31 91
5 71 75 91 22 7
32 81 74 68 70 62
72 83 80 82 86 67
84 30 15 32 63 43
1 4 74 68 32 16
76 8 61 8 2 73
29 24 5 54 81 78
84 60 27 43 54 41
12 20 81 9 29 68
11 81 74 64 66 59
46 56 89 53 21 58
95 95 36 50 58 70
69 13 93 3 50 67
43 88 70 66 42 45
17 76 80 70 55 92
84 75 83 32 73 57
53 20 33 69 96 93
89 1 31 21 11 41
92 9 51 55 99 3
17 92 29 90 19 54
62 61 92 61 45 65
48 37 44 87 23 26
88 14 99 62 93 65
69 67 87 61 66 25
67 70 73 33 75 59
88 81 44 20 71 21
42 79 89 96 63 81
9 1 31 44 32 70
55 33 30 42 4 31
98 49 14 68 92 21
40 32 44 59 49 93
52 49 78 49 35 19
98 16 42 70 14 99
91 52 8 19 4 10
55 13 82 78 81 77
93 80 65 9 27 99
60 94 93 65 76 76
11 39 94 91 82 7
17 37 17 60 14 80
64 87 98 97 28 49
22 33 25 33 66 60
14 50 13 54 91 84
66 67 68 46 34 39
6 82 56 5 91 82
37 66 33 23 20 42
30 76 94 41 33 51
62 71 77 21 5 73
64 27 4 84 2 22
74 52 44 56 46 69
95 35 46 61 14 48
4 95 71 76 10 90
17 64 89 63 23 14
91 32 58 19 66 16
67 91 94 69 96 93
75 30 57 58 51 63
38 92 16 26 30 18
62 92 96 42 63 36
31 84 73 54 96 62
74 76 12 87 28 11
70 98 27 38 12 84
63 49 26 52 72 46
83 84 37 43 33 98
52 20 52 14 68 44
47 74 28 84 38 72
34 28 34 46 47 24
10 83 42 76 32 96
91 59 98 93 74 38
37 11 49 59 90 45
56 94 74 48 84 48
76 87 63 80 43 98
90 56 72 4 96 90
38 9 20 90 62 8
44 99 69 31 18 82
78 98 96 5 74 83
70 88 39 62 17 63
71 46 42 12 74 91
56 26 88 10 87 61
11 50 18 82 70 40
62 58 62 98 23 65
75 92 17 71 51 1
78 45 48 31 39 67
39 56 85 29 87 44
8 17 82 94 75 42
7 9 34 66 16 43
6 62 5 77 42 95
74 59 26 39 87 48
54 55 65 77 20 55
20 49 35 93 23 62
60 9 81 51 90 17
92 20 60 4 15 10
42 39 85 42 9 70
5 31 32 20 21 97
62 41 14 34 87 68
85 31 23 71 50 35
44 55 96 21 81 30
70 48 25 75 58 6
83 91 52 34 42 56
92 45 46 67 38 87
73 15 23 12 9 85
44 62 20 69 81 21
3 44 54 28 20 72
64 43 50 69 38 23
21 3 61 50 15 83
84 94 26 24 53 91
15 39 50 29 99 55
28 57 77 99 84 34
61 35 94 41 70 15
76 48 29 48 21 11
91 82 41 88 90 16
59 18 7 46 41 74
30 46 51 43 99 70
40 78 41 28 3 98
90 61 68 26 88 85
85 11 29 61 90 42
63 90 88 29 55 81
57 2 52 5 37 70
44 15 12 83 53 79
43 29 24 61 60 90
54 73 92 46 39 45
82 52 52 11 29 10
31 65 88 63 91 73
71 54 76 69 8 74
21 75 71 58 29 76
86 30 72 66 74 85
88 95 40 74 5 55
51 22 63 38 38 85
41 88 59 24 41 80
54 31 26 49 93 49
72 76 65 6 96 97
49 95 41 91 91 41
68 16 16 35 90 59
18 3 91 18 31 42
99 19 21 55 24 84
64 8 32 17 43 7
44 87 84 8 34 87
7 11 52 59 74 49
75 28 31 71 20 97
46 92 8 57 70 73
89 48 21 47 78 94
57 43 80 26 61 91
6 56 38 69 39 96
49 60 40 14 76 48
21 30 21 71 39 74
96 7 53 72 29 54
48 33 20 33 43 26
18 90 22 83 56 18
19 52 80 32 60 69
36 32 40 10 73 57
48 47 13 6 39 33
6 19 65 95 97 94
53 86 78 62 34 40
88 98 27 67 96 75
92 20 16 9 75 22
69 66 20 60 58 21
62 61 99 39 15 42
74 79 63 40 28 40
6 38 53 92 84 89
60 20 2 5 3 55
49 77 55 74 85 82
71 51 30 37 99 41
44 65 56 99 34 90
34 73 48 7 98 71
98 5 1 62 79 1
64 17 67 74 77 53
90 93 51 34 71 92
7 43 40 36 32 51
44 46 99 98 28 26
20 11 2 50 63 68
1 98 3 62 51 25
50 85 36 80 24 34
17 93 39 11 64 97
9 67 93 21 55 98
68 85 75 17 84 45
50 70 1 52 98 89
1 78 48 74 74 4
16 86 55 18 45 42
39 52 15 47 54 70
10 89 48 98 38 68
61 43 40 76 74 53
67 97 84 39 32 5
38 29 6 78 62 92
96 73 28 3 37 77
26 76 58 49 23 81
86 31 78 87 25 67
34 17 12 96 43 84
96 49 86 58 97 88
29 25 84 94 98 75
9 58 99 35 38 88
46 56 99 55 20 18
20 40 50 90 75 42
40 94 35 62 32 19
3 96 8 43 54 19
11 54 28 46 27 88
55 60 16 80 54 85
36 56 45 22 3 62
26 37 89 40 54 43
18 41 99 56 24 16
9 97 43 43 32 24
78 63 62 91 71 44
37 16 23 36 9 51
40 76 16 29 23 95
33 40 30 17 92 25
40 41 76 31 59 43
16 57 10 89 82 18
37 55 3 29 77 66
40 58 81 61 2 31
12 71 76 81 54 12
3 5 79 73 74 66
43 21 98 65 64 33
94 98 93 78 1 95
47 39 46 67 78 46
25 78 57 73 86 72
13 56 45 75 88 16
66 45 26 7 67 18
48 14 33 6 91 1
69 33 26 93 78 63
65 8 33 44 74 71
21 3 37 43 66 42
98 6 54 28 18 19
20 78 60 6 81 19
34 39 74 94 7 10
89 59 6 11 10 38
98 12 49 79 45 79
64 57 50 21 54 25
18 67 99 81 56 6
41 85 44 38 54 53
4 5 60 14 55 87
62 36 76 31 65 93
9 41 46 89 67 42
14 63 89 41 3 25
19 26 13 83 96 30
73 7 78 40 7 35
25 66 26 93 76 11
71 51 19 83 99 69
15 57 63 8 76 48
35 16 19 67 5 73
21 87 83 76 68 58
62 17 30 28 97 77
77 66 13 32 26 3
13 52 13 91 90 28
13 78 11 33 26 84
97 75 3 50 67 1
57 75 24 50 63 6
97 94 29 88 61 87
26 56 79 81 3 14
3 43 89 68 97 97
99 65 57 31 57 98
47 10 73 8 26 50
40 24 53 41 78 9
26 80 70 28 75 42
45 41 71 18 10 71
86 22 89 84 31 90
21 97 9 68 2 13
17 61 64 16 99 41
82 75 64 64 60 83
65 31 90 73 87 29
8 46 85 21 20 5
14 40 82 48 37 51
49 40 2 41 46 53
33 80 65 42 38 55
19 57 91 63 99 18
27 32 42 17 6 9
65 10 18 41 76 90
62 65 18 29 19 17
15 55 43 42 35 72
27 40 95 59 85 96
89 3 71 52 75 91
23 93 80 61 48 41
22 40 43 95 23 21
40 45 70 90 19 50
1 49 10 90 76 2
73 58 26 83 4 22
11 11 60 41 22 16
38 18 80 11 96 58
41 56 47 87 85 89
3 57 59 23 59 42
3 90 3 90 33 32
23 71 32 8 22 56
1 21 76 53 59 80
44 77 82 59 7 94
96 68 33 21 74 35
9 25 46 78 17 9
18 22 78 75 96 23
62 51 48 82 46 11
11 53 14 51 42 1
97 61 69 39 52 73
81 34 15 44 5 99
17 68 39 15 62 93
60 91 42 55 70 26
81 89 61 75 40 83
5 27 1 11 46 34
99 68 82 55 61 95
16 8 97 54 97 57
77 20 59 62 49 58
28 56 15 92 71 30
93 46 9 6 32 1
90 40 90 66 99 68
45 33 10 76 9 90
1 31 3 82 35 83
63 46 45 49 56 19
57 79 75 39 29 97
57 64 9 4 65 79
82 23 39 8 34 70
49 51 94 83 41 65
67 70 73 44 33 6
65 85 48 64 26 55
72 38 78 65 88 89
2 45 13 32 61 48
38 9 48 8 1 37
1 62 30 24 24 81
33 87 12 24 24 51
7 7 12 26 60 39
20 55 85 72 64 25
10 68 28 92 87 58
48 10 83 90 12 47
61 30 87 61 94 30
54 99 48 15 86 10
54 70 13 34 24 31
61 12 84 41 31 75
47 65 62 45 90 31
81 67 13 76 29 35
89 11 12 69 4 46
87 43 30 44 85 94
5 4 40 46 8 93
2 39 60 2 10 51
59 61 45 37 21 22
1 76 26 21 60 47
48 44 14 83 83 73
72 82 52 58 2 82
5 31 3 47 33 27
29 62 10 47 99 40
25 76 33 56 70 46
81 73 81 85 49 37
45 12 57 78 81 24
53 60 7 73 39 46
27 99 83 29 49 93
12 80 54 90 92 66
38 87 52 61 93 28
78 38 95 85 52 64
52 8 70 31 50 25
45 65 95 54 54 40
79 14 46 98 17 5
43 52 44 44 98 63
18 69 34 50 40 80
24 42 49 61 37 45
77 49 7 47 86 12
49 36 59 11 45 90
41 98 88 73 11 79
30 25 85 90 38 63
80 13 91 48 52 23
92 56 54 29 79 97
99 8 42 20 48 50
83 47 20 88 6 8
79 50 68 66 87 13
68 79 62 94 47 30
14 31 2 85 17 52
8 25 17 19 10 95
68 53 50 88 91 67
92 51 14 77 77 48
93 50 98 42 38 95
41 72 67 82 27 94
26 17 3 4 54 29
69 35 58 68 34 78
39 26 48 48 86 19
95 30 35 91 56 66
70 42 82 74 10 21
84 1 96 71 86 58
95 55 48 6 79 75
16 52 30 57 61 67
54 17 67 63 30 10
40 68 76 86 37 45
7 96 68 92 51 17
90 25 78 62 55 77
11 19 79 66 85 4
29 20 8 50 23 39
76 47 61 49 39 40
64 11 26 94 13 44
86 84 40 57 48 3
73 52 63 79 58 7
34 50 95 49 71 6
46 88 64 37 42 83
42 92 18 67 62 51
64 84 40 90 40 63
84 48 10 71 8 9
81 31 55 15 7 37
54 56 88 35 27 32
30 32 71 3 76 93
16 96 52 94 42 79
69 15 34 39 19 8
28 5 55 23 16 98
21 45 98 82 20 35
97 50 50 63 13 24
3 32 7 72 2 7
78 25 56 54 12 47
79 31 31 25 37 70
60 49 2 68 82 91
53 64 68 19 72 98
33 7 88 23 27 12
16 32 51 46 56 50
61 40 58 10 91 47
23 85 19 92 42 27
86 13 77 68 2 43
51 83 27 75 70 74
55 3 75 95 44 37
29 23 91 31 4 33
30 40 84 71 16 26
84 56 8 92 50 23
71 64 27 88 22 53
73 9 35 69 16 86
13 96 66 53 96 22
85 29 30 26 60 71
41 76 37 50 97 36
48 13 85 95 49 41
41 24 78 13 11 8
47 71 36 54 31 16
1 48 81 94 20 14
86 8 15 29 40 9
44 52 63 59 38 48
64 34 4 23 64 22
57 83 11 1 44 71
44 22 25 20 38 11
87 7 17 25 13 47
23 92 79 27 93 27
43 69 18 24 79 21
17 5 87 46 44 83
75 89 62 98 84 4
10 31 21 78 65 95
8 97 18 90 56 14
96 2 42 49 97 62
72 43 48 1 72 91
9 53 53 35 54 35
99 5 50 92 40 28
93 47 30 22 20 10
28 72 96 2 25 66
16 19 56 28 7 54
29 75 23 6 96 70
62 72 6 48 84 43
57 30 82 74 25 69
19 81 29 42 73 31
61 22 71 70 1 56
18 20 69 1 57 96
30 1 97 67 14 63
5 48 61 7 91 67
36 33 81 64 16 90
83 45 99 4 42 60
69 32 45 40 91 34
23 81 97 80 45 80
57 17 87 2 6 5
89 64 10 75 56 58
96 47 32 23 55 7
62 78 48 70 78 45
12 37 63 9 39 68
18 52 3 17 17 24
42 84 4 84 95 92
84 16 36 25 57 24
79 84 91 5 79 6
99 82 55 21 98 90
20 42 85 63 23 48
59 99 46 52 68 7
46 71 27 85 33 81
13 40 42 73 69 51
80 50 98 66 15 1
24 48 31 1 81 63
21 17 70 58 85 62
46 54 78 33 48 89
12 30 92 25 51 88
83 18 1 37 23 7
4 84 52 84 37 12
4 88 87 13 32 90
31 36 59 24 22 49
97 90 90 33 67 14
94 20 46 53 62 18
92 52 41 60 28 39
1 50 84 48 24 19
74 76 97 35 3 54
92 38 68 69 99 82
72 55 25 79 75 25
23 17 99 68 2 92
83 74 47 4 37 6
80 44 12 21 60 3
64 32 70 75 9 81
33 97 30 29 79 97
33 87 17 2 73 55
60 13 23 27 76 24
39 2 87 26 4 50
64 11 52 18 46 56
17 85 18 60 68 37
60 60 49 67 30 26
64 66 10 65 17 3
53 5 80 10 38 99
55 37 77 99 74 15
51 98 16 51 23 29
26 86 12 87 82 99
61 91 51 16 69 58
54 90 68 63 17 27
23 6 30 15 5 62
3 80 31 13 97 22
39 79 51 39 97 65
86 12 49 10 7 58
93 83 82 23 81 59
41 73 63 7 91 62
80 57 52 61 83 32
30 35 69 20 99 39
42 47 34 90 58 33
46 91 83 14 88 98
77 31 5 14 29 39
52 96 75 97 69 89
53 27 69 51 14 81
87 6 40 16 57 72
51 21 30 28 12 73
5 46 93 97 50 94
53 97 78 9 36 84
67 88 45 96 63 36
85 91 35 3 59 9
76 27 99 87 69 54
79 97 44 65 13 58
87 98 71 23 11 71
42 32 80 29 58 60
20 53 65 82 40 43
23 18 1 48 47 67
93 59 53 33 41 64
39 82 32 43 70 52
24 69 16 30 49 11
35 51 41 57 25 27
54 47 8 78 63 46
53 38 4 5 54 18
47 62 95 65 81 19
43 67 49 6 91 23
94 23 99 40 73 73
1 17 1 92 93 18
60 26 21 3 30 53
86 61 58 75 78 10
66 45 97 90 67 40
89 38 42 70 14 95
76 25 23 41 13 43
66 83 69 82 4 97
75 58 51 27 8 30
26 16 81 61 92 73
42 25 66 69 41 9
23 91 77 8 19 11
95 49 67 63 80 56
91 77 23 25 51 30
72 16 6 64 36 68
1 43 90 73 62 56
20 52 6 28 54 62
41 85 32 27 54 95
83 33 30 92 6 70
79 14 29 63 59 35
90 1 36 69 41 51
92 33 15 74 71 96
25 10 57 55 1 50
24 58 75 25 74 40
60 70 61 71 66 90
91 88 48 83 56 18
39 78 17 28 44 34
8 65 74 28 47 31
65 42 77 58 21 96
99 25 45 36 26 7
26 11 16 60 71 45
67 12 36 40 6 61
21 97 90 32 46 31
67 26 88 83 42 60
34 59 28 86 15 87
45 5 36 12 86 99
13 3 83 87 28 1
81 74 84 80 65 99
87 30 74 76 10 15
44 9 57 16 28 16
52 20 62 68 24 35
41 39 68 22 93 25
17 65 88 88 40 76
49 58 1 65 69 82
48 42 14 70 13 68
6 22 11 71 72 27
85 81 66 49 60 27
33 35 42 34 95 86
58 74 39 67 79 10
10 16 85 41 52 50
65 8 24 45 64 90
8 84 84 16 16 10
80 40 55 65 55 40
72 17 42 39 17 51
51 56 32 4 84 15
90 91 77 24 89 2
20 93 44 55 94 87
89 96 99 93 41 49
25 58 38 45 81 95
18 30 67 96 3 48
18 64 27 89 47 21
16 14 42 99 22 44
61 76 59 4 21 32
84 31 6 4 6 66
12 26 55 57 45 77
95 97 62 8 84 94
16 45 56 56 25 31
61 78 81 18 38 32
66 32 37 84 59 64
6 1 22 46 54 94
23 43 43 79 6 57
2 66 98 91 82 4
18 17 48 59 44 85
24 65 30 62 19 93
22 22 11 70 56 90
30 69 77 78 68 54
35 34 40 57 55 89
25 86 74 19 9 60
24 62 3 43 35 29
50 86 32 24 52 75
98 3 54 18 48 41
96 5 95 21 60 62
59 16 62 21 13 5
31 1 11 72 17 26
66 66 77 14 47 61
32 29 99 55 70 18
13 47 50 46 64 22
97 87 31 18 38 74
86 11 8 26 28 30
61 67 11 82 11 79
95 83 86 5 78 8
88 67 57 34 14 95
99 12 59 37 76 1
20 77 66 13 37 62
98 12 11 46 31 16
80 83 68 92 32 25
76 30 4 30 92 20
36 74 85 47 5 4
97 75 47 46 43 72
52 24 74 63 18 40
20 33 29 64 69 63
82 81 9 34 10 13
73 74 6 11 80 91
27 70 89 78 72 68
24 21 24 78 45 81
86 73 53 78 18 93
33 88 98 39 14 60
85 6 76 61 65 59
33 96 38 60 42 52
69 84 16 3 48 20
91 13 33 56 48 94
82 91 66 90 26 42
53 57 88 2 23 80
81 46 24 95 20 99
36 59 38 1 34 99
53 79 64 58 5 88
43 53 86 4 81 26
7 26 38 36 61 82
5 45 54 9 93 96
3 60 18 55 94 48
84 52 18 87 74 83
36 13 30 24 33 12
80 92 22 57 22 36
1 93 61 49 13 21
69 76 43 63 31 19
36 41 73 45 22 12
61 10 97 19 71 21
37 46 84 27 78 37
39 67 52 58 60 58
35 3 93 74 46 67
2 62 94 6 30 73
6 76 47 94 71 64
16 85 21 48 5 8
24 38 81 15 59 68
42 5 85 71 4 66
6 88 89 6 26 41
64 36 42 59 17 13
91 62 38 48 94 3
42 42 5 3 76 50
86 64 4 75 77 95
34 99 55 63 41 91
62 18 32 73 95 17
25 9 27 6 15 44
18 16 36 44 63 71
8 58 82 44 1 45
83 67 97 50 71 25
11 13 77 29 71 47
12 35 68 93 80 91
58 28 20 23 51 49
95 90 13 67 47 28
4 14 46 96 25 80
5 69 27 18 44 80
93 36 20 9 39 34
12 89 22 7 54 16
68 92 48 93 89 13
20 33 98 22 79 77
30 17 86 62 97 63
50 99 5 56 39 27
66 90 12 12 86 59
88 84 93 92 81 70
11 6 89 22 92 43
46 2 33 9 23 79
24 24 46 35 45 61
13 61 72 96 19 10
79 51 49 10 69 39
3 83 61 79 5 35
61 32 32 11 98 10
82 88 67 67 37 3
80 89 8 36 32 81
96 77 73 76 85 36
43 89 69 48 82 43
8 12 13 31 45 88
75 95 22 3 62 34
47 95 61 54 22 48
84 90 9 83 86 5
64 37 11 57 33 35
50 17 80 13 75 40
25 59 80 33 91 55
41 3 34 26 45 68
68 29 68 67 85 57
47 95 45 54 65 39
39 5 46 82 43 60
80 34 60 91 81 85
49 14 44 23 74 18
35 49 10 16 22 17
95 55 32 4 4 91
54 94 1 16 43 77
52 54 86 92 78 59
62 22 45 33 6 24
7 12 93 45 29 69
54 37 76 41 39 44
8 88 80 86 81 52
67 48 88 9 23 97
41 53 52 28 97 67
33 57 15 68 58 16
72 27 95 83 10 55
2 88 23 57 53 32
98 40 24 14 83 81
92 61 65 31 38 58
60 97 79 85 40 58
9 84 34 44 30 1
47 25 72 38 74 93
93 35 64 41 5 5
55 38 1 40 68 43
63 84 63 88 97 42
14 75 61 25 62 17
26 89 42 91 37 70
61 10 67 16 38 78
86 96 2 66 4 71
76 3 34 14 53 59
85 38 64 3 45 71
8 32 32 48 82 36
73 3 29 90 68 91
95 57 19 95 91 9
97 11 67 76 43 44
34 29 40 13 78 45
2 73 94 31 52 75
69 5 73 8 82 81
24 40 70 19 95 84
66 66 46 33 35 63
23 43 39 32 13 83
22 87 63 40 45 51
32 94 9 75 24 76
96 82 11 22 10 73
12 27 57 76 58 30
70 58 57 50 85 87
72 33 38 10 45 81
27 13 83 3 65 28
70 75 34 47 57 99
94 72 56 33 15 9
31 79 23 57 88 26
51 69 67 74 47 68
29 61 94 98 98 75
41 83 93 27 42 1
20 29 14 98 24 76
43 31 96 67 67 43
7 45 42 5 57 75
66 70 36 57 57 1
66 11 28 82 56 83
31 70 3 93 19 43
75 21 20 23 48 20
10 37 3 11 5 6
12 8 64 38 70 4
45 69 58 29 77 34
99 64 62 41 23 39
2 14 28 51 43 13
38 90 62 79 11 93
3 91 38 27 85 86
76 20 2 70 59 93
81 57 73 73 7 71
71 58 38 11 45 18
37 32 48 59 47 87
18 94 83 8 96 25
26 65 13 88 76 80
56 17 59 64 88 56
36 96 19 61 83 90
55 74 22 45 50 89
44 29 49 84 80 45
59 9 91 66 41 63
66 88 47 6 2 57
34 9 90 16 79 31
2 60 19 36 88 32
99 45 43 90 72 69
97 85 68 60 46 66
92 57 24 97 9 25
25 25 97 71 90 98
16 79 76 49 99 89
90 21 69 62 69 82
55 61 25 43 38 46
41 79 36 38 32 93
23 83 88 64 64 19
54 73 31 66 48 56
2 87 95 92 8 84
89 21 32 37 35 80
65 57 44 26 29 96
23 77 71 53 94 69
85 23 11 43 72 41
53 20 15 57 76 91
62 79 7 62 85 50
93 21 15 96 6 38
92 5 57 18 85 85
56 42 25 2 20 76
13 47 7 31 55 49
16 3 49 21 1 31
69 64 4 88 24 56
20 86 75 39 54 86
68 41 74 23 99 65
58 64 28 34 22 78
48 74 81 59 3 40
30 74 60 25 75 18
54 13 91 64 91 15
81 32 51 63 54 98
51 18 39 24 94 30
2 43 79 58 2 21
89 48 59 29 98 4
76 65 81 50 4 70
53 28 59 79 48 34
39 57 95 55 95 78
48 74 79 29 84 62
53 45 16 27 81 41
24 27 36 5 39 89
79 32 20 77 49 9
88 78 14 92 13 28
30 30 15 21 8 15
83 60 45 29 99 88
63 96 46 49 20 68
36 37 9 1 76 2
45 70 78 92 32 41
51 61 34 34 50 41
15 17 4 44 69 94
84 49 5 15 82 62
65 48 50 18 17 92
19 44 52 89 93 90
34 20 40 79 76 66
26 31 65 65 28 2
56 87 24 40 79 80
47 36 11 12 29 83
35 77 47 66 9 59
42 23 84 37 90 44
88 95 76 29 67 38
67 83 71 88 83 51
80 91 63 73 18 38
76 16 61 78 67 55
14 29 73 70 2 11
35 78 15 45 3 21
85 12 76 78 62 43
8 99 52 18 56 32
12 96 41 96 67 74
19 95 15 63 59 14
52 15 49 42 7 55
60 38 67 77 32 26
98 37 42 94 22 70
99 75 58 29 71 92
20 18 55 48 93 51
72 33 69 26 60 60
88 87 69 89 75 57
15 6 25 4 21 7
59 9 75 26 61 55
96 85 65 31 63 83
31 45 85 51 11 21
15 55 71 38 62 75
13 82 40 49 18 49
97 54 25 80 46 41
26 16 45 70 86 10
3 76 98 86 69 94
85 37 54 25 93 36
59 62 15 6 50 53
10 90 52 53 73 41
24 31 41 85 62 60
29 90 3 33 66 24
60 69 13 76 43 60
46 74 48 16 52 72
58 23 73 48 73 53
54 44 17 78 43 61
5 46 19 52 82 26
29 76 52 97 34 35
82 99 43 41 41 60
80 34 48 88 99 9
15 12 12 37 17 61
34 78 75 21 65 61
90 28 49 43 67 60
44 78 18 35 15 94
35 53 92 71 77 4
88 30 68 66 89 69
82 46 31 10 74 14
40 63 89 30 76 20
40 62 58 44 50 81
82 5 64 6 26 46
21 64 44 98 57 73
16 69 55 1 37 28
24 49 19 77 11 12
62 16 59 55 85 23
92 39 14 2 11 95
11 2 11 80 94 92
98 10 15 27 34 92
62 86 93 64 73 61
53 81 18 25 45 80
70 43 75 93 68 86
58 2 39 54 99 9
64 11 52 66 82 25
13 86 94 3 8 26
83 9 60 19 35 13
37 16 42 23 90 44
50 55 32 25 78 14
49 15 38 65 36 90
81 1 83 96 97 29
29 99 74 61 73 42
82 97 59 26 63 54
67 33 71 21 9 58
79 30 96 88 67 85
73 85 30 36 50 58
13 94 60 33 16 26
88 3 9 28 13 31
30 72 39 79 89 60
64 39 78 99 30 78
8 53 88 83 63 10
11 86 98 51 84 34
4 18 12 8 78 30
60 77 45 3 6 78
47 95 82 40 2 40
72 25 51 57 66 23
58 12 30 19 32 56
31 13 50 90 54 38
28 18 77 42 92 4
23 58 61 40 96 63
41 16 94 9 89 87
5 49 51 57 3 74
26 93 59 79 43 54
68 98 30 98 88 97
53 72 4 29 51 95
72 86 24 76 61 8
5 59 22 87 4 29
73 95 43 83 9 46
5 91 69 95 35 33
52 43 76 74 48 32
27 33 85 20 41 48
78 61 20 40 74 6
4 69 76 80 7 52
64 12 32 73 30 44
40 58 82 47 33 77
18 1 10 3 98 98
69 56 27 37 66 25
49 62 61 47 90 21
89 68 34 54 77 27
47 52 10 14 46 88
43 55 77 83 52 58
65 27 6 89 47 28
52 46 10 20 10 63
98 53 34 10 14 26
55 2 25 72 19 47
93 54 89 52 93 18
5 16 87 92 65 19
78 21 12 35 94 71
42 37 89 8 97 2
29 19 35 97 24 87
88 52 72 5 5 9
7 41 19 72 58 98
33 64 6 66 16 64
13 68 60 50 43 67
15 57 3 39 28 68
39 65 83 44 14 51
26 22 21 75 62 27
78 40 91 32 9 30
91 29 12 97 49 55
31 80 46 20 62 28
87 89 78 39 41 82
2 16 4 74 69 54
77 48 80 60 51 8
10 16 49 16 50 6
1 42 78 66 84 18
37 60 25 70 9 23
34 89 59 81 49 7
59 79 18 14 78 67
50 56 74 22 37 98
39 39 56 89 50 86
41 62 67 19 9 93
91 73 81 91 72 15
70 69 94 45 93 84
11 8 30 67 40 30
12 56 63 72 37 39
87 6 44 50 82 85
64 72 29 69 5 57
94 4 43 42 32 23
19 72 40 86 69 88
81 55 36 26 7 6
49 14 39 1 66 34
34 8 51 1 6 65
17 82 59 85 21 28
78 3 44 1 76 79
17 79 52 63 38 51
10 71 15 25 28 7
56 71 1 18 65 50
13 15 11 18 16 52
99 32 57 90 5 70
85 67 14 11 56 26
9 74 18 48 24 4
71 31 36 22 73 6
41 73 33 2 61 10
70 89 18 60 82 66
95 19 1 83 27 49
30 84 47 5 59 86
36 75 70 98 71 51
76 67 48 57 95 66
73 15 14 89 12 50
5 89 57 58 18 34
70 73 82 67 51 49
85 40 22 28 49 34
78 64 1 87 79 99
88 93 45 2 41 69
72 91 50 55 84 90
47 2 7 6 21 17
88 97 84 95 18 45
96 40 85 9 93 14
71 53 8 11 34 34
99 90 22 54 27 95
33 68 95 43 18 10
38 17 59 97 43 7
9 94 63 23 57 43
28 98 52 63 46 26
45 49 45 21 11 13
98 44 61 79 56 55
27 79 93 3 80 61
70 66 3 99 87 75
94 90 64 47 9 40
64 30 59 12 27 20
6 26 2 12 44 33
15 95 45 46 51 99
88 85 74 45 63 37
61 45 21 73 36 74
58 86 22 27 97 48
5 83 55 94 44 9
7 31 37 11 63 52
20 69 1 77 15 97
6 80 19 54 78 89
68 92 90 9 38 56
5 62 49 69 30 90
27 70 20 22 98 3
22 60 16 23 87 30
40 41 18 35 1 98
34 1 34 62 7 24
85 20 95 28 6 43
26 42 34 45 39 17
57 43 64 52 3 27
89 36 22 94 65 76
39 34 97 86 70 23
70 17 86 43 38 78
38 13 97 91 95 95
70 19 9 1 79 5
28 51 36 78 95 55
62 58 85 55 99 70
56 34 79 90 51 95
18 9 24 17 95 98
82 94 25 86 39 80
51 63 3 16 66 20
74 22 66 63 95 58
85 52 77 95 35 95
64 11 63 84 3 41
40 33 57 99 21 88
8 88 45 8 13 56
3 15 43 61 88 47
29 11 42 98 58 74
32 63 26 17 59 62
70 44 81 81 70 10
41 81 9 10 61 42
29 25 58 15 34 77
56 15 18 99 55 70
87 78 81 10 21 67
86 80 38 74 77 92
85 48 62 9 58 78
87 57 55 8 75 22
87 49 42 20 18 92
70 55 44 95 54 71
81 14 11 97 55 75
53 45 5 33 91 37
37 43 35 41 10 47
93 8 60 24 50 89
73 2 81 98 3 30
75 21 64 53 56 2
84 64 6 54 68 50
58 99 39 62 78 74
96 23 73 4 33 28
1 41 4 87 27 98
41 53 87 63 61 1
45 85 48 8 7 90
21 80 87 5 83 62
70 1 58 21 79 77
72 88 34 26 23 23
92 95 6 98 48 54
17 33 52 66 56 48
66 75 55 95 60 30
87 2 39 10 60 40
7 98 91 68 3 79
47 45 27 16 53 69
44 46 42 83 81 24
78 91 23 58 7 75
17 52 22 73 90 75
37 95 79 37 32 55
61 65 71 29 13 75
19 39 10 68 69 70
12 21 27 6 10 25
51 31 35 20 72 68
67 86 25 7 92 64
58 53 54 6 26 32
62 11 97 86 59 66
2 75 56 60 22 81
20 29 33 16 89 66
73 39 14 50 10 10
6 63 78 88 56 67
87 3 31 35 68 80
97 53 40 46 40 59
9 56 24 50 37 7
7 13 75 11 63 37
86 89 76 67 12 7
91 1 29 71 60 42
37 83 72 68 63 90
50 43 37 76 33 59
66 17 58 36 62 40
74 2 5 99 83 16
13 45 50 16 93 6
54 90 26 6 35 73
45 24 27 77 56 9
10 93 42 12 37 84
8 27 44 71 46 70
48 37 40 71 50 19
22 80 47 18 29 73
19 80 41 11 80 50
87 4 57 70 32 44
26 99 32 91 21 23
23 73 67 59 14 14
26 97 97 94 32 57
91 91 42 92 54 46
54 89 15 45 22 21
69 74 87 71 49 2
51 66 19 51 28 87
46 54 30 34 97 52
89 98 96 97 13 55
91 42 67 63 51 70
70 42 46 45 21 42
35 75 37 94 51 53
42 71 24 72 15 6
30 44 22 58 63 18
89 88 96 81 28 48
45 84 76 19 87 58
72 19 60 23 6 88
80 71 45 67 8 2
39 31 98 31 82 24
98 13 47 22 60 69
98 93 41 24 20 56
59 96 2 84 15 77
12 48 53 41 37 88
12 23 33 59 79 73
99 20 12 12 32 11
33 28 85 88 7 18
43 33 96 45 64 63
57 81 12 41 58 60
68 98 86 94 44 98
31 70 42 47 13 2
95 1 9 40 66 71
95 55 81 2 72 4
8 18 5 38 29 63
45 56 92 97 69 14
35 93 49 65 71 69
66 37 30 8 21 92
58 44 78 67 6 22
96 75 15 53 88 51
21 21 99 80 76 32
10 39 78 86 40 14
90 39 11 10 6 67
59 75 51 81 64 98
70 90 31 92 94 79
90 66 31 14 20 38
19 11 61 79 81 47
19 11 29 20 92 95
75 26 16 10 73 38
80 48 51 90 32 67
93 87 83 98 64 23
89 76 8 32 54 12
60 39 14 10 10 59
44 7 89 14 3 76
90 40 53 9 5 9
98 54 24 9 18 25
54 44 90 55 65 25
36 10 66 74 59 84
59 43 84 83 7 31
6 14 60 79 60 37
88 89 35 33 40 42
71 81 73 64 2 39
3 8 93 28 74 16
85 84 72 90 31 76
17 71 69 16 85 24
72 11 96 51 61 98
39 50 37 32 27 1
17 42 26 99 86 33
39 14 25 30 5 77
12 94 32 44 58 60
58 56 75 3 79 19
80 40 8 15 12 79
48 31 45 3 20 17
27 66 89 53 73 73
73 27 67 5 96 90
75 59 36 24 91 48
20 21 40 66 23 48
30 25 21 46 81 15
30 69 62 55 28 80
18 43 49 51 76 83
34 90 39 13 50 20
6 20 3 1 17 30
60 6 47 26 36 47
60 54 74 27 64 36
26 80 98 6 87 62
36 67 6 39 86 30
61 40 28 8 56 20
84 32 90 67 7 1
62 45 30 22 17 76
60 87 98 28 8 12
44 98 75 61 38 41
1 73 45 76 86 77
34 82 91 31 13 10
97 79 36 39 12 13
64 41 82 49 68 5
77 40 74 47 89 51
13 26 99 85 34 94
75 39 81 1 96 99
16 55 18 22 80 77
9 21 64 71 99 64
91 9 89 25 54 76
4 53 3 15 9 66
21 96 69 69 55 20
56 9 15 86 82 88
66 53 97 96 36 7
26 61 39 60 11 86
33 8 23 45 45 96
44 77 38 86 79 29
43 86 47 11 21 22
79 87 69 35 27 84
62 86 79 79 2 34
33 53 47 19 4 89
81 21 42 10 17 81
70 51 80 75 53 93
53 58 34 44 74 98
18 18 81 37 1 29
40 58 78 66 97 39
58 63 37 43 43 56
59 50 48 51 14 34
19 18 82 58 19 23
90 50 14 16 18 16
40 29 64 10 80 91
26 11 75 88 70 45
60 73 54 85 43 61
45 13 88 84 10 91
78 35 7 95 48 16
71 8 93 74 66 30
66 31 96 34 51 69
20 24 63 24 98 72
31 10 25 29 76 95
86 76 3 26 79 32
78 46 3 41 65 66
12 72 82 43 16 77
68 98 37 19 96 9
88 25 32 6 11 11
94 57 2 99 64 47
58 79 93 47 92 8
49 97 34 24 13 24
36 11 75 88 50 63
12 42 71 77 7 98
46 65 72 16 24 58
30 96 39 37 89 34
46 20 13 36 92 82
83 97 45 14 46 52
57 19 45 25 37 94
4 79 50 60 84 20
92 93 95 64 42 21
82 62 17 93 8 64
87 20 68 58 39 58
27 19 86 18 48 53
60 40 11 83 22 71
46 9 37 16 9 37
72 11 27 37 90 95
85 58 52 91 89 22
70 5 25 97 48 71
76 4 60 31 3 57
39 49 2 5 36 91
98 90 76 9 36 32
26 21 28 41 63 69
37 36 48 24 99 62
47 37 84 46 5 83
69 28 59 88 11 48
60 47 39 2 70 97
65 36 61 41 58 94
22 14 86 28 53 87
60 13 62 29 97 75
48 25 63 97 51 5
34 84 34 8 60 65
13 11 85 24 32 65
72 50 19 76 90 85
68 6 88 40 60 86
75 55 9 2 97 28
28 20 41 46 38 85
95 46 37 9 21 66
70 51 26 38 52 23
35 74 66 29 28 23
88 70 28 92 42 91
84 86 87 70 72 92
38 78 70 81 34 30
6 17 3 59 84 11
42 62 89 13 54 45
29 60 63 87 6 1
61 31 29 45 32 54
78 87 56 16 21 12
91 57 9 86 85 86
68 70 58 93 64 22
28 87 86 43 14 11
79 2 42 6 15 4
14 84 76 47 59 78
48 25 52 40 54 9
77 71 68 98 26 13
75 74 45 71 71 64
4 47 32 87 63 5
15 4 59 48 37 22
29 58 81 52 45 33
74 91 20 16 73 95
4 3 94 1 67 17
41 9 84 18 68 84
98 13 51 67 34 44
96 22 15 34 36 28
62 95 64 25 23 55
78 92 65 64 80 31
90 36 90 2 17 40
32 92 93 89 49 2
46 39 42 91 96 39
24 74 8 80 26 11
91 23 60 40 61 5
28 36 20 77 23 81
34 41 38 53 43 88
95 80 44 49 42 58
49 50 73 24 83 50
36 98 27 19 75 36
98 52 52 47 41 91
57 92 2 17 19 63
60 81 7 78 12 39
19 75 96 72 49 44
60 36 67 40 61 35
9 38 28 84 35 41
66 66 50 37 56 33
87 44 66 35 44 54
87 98 8 87 24 10
94 56 37 88 85 41
78 8 20 58 93 35
53 23 47 36 72 51
49 98 24 48 26 82
96 39 31 95 47 10
18 41 15 24 80 4
18 85 75 23 30 69
30 4 66 66 52 69
74 59 69 2 98 54
97 39 57 92 26 31
21 39 67 78 35 35
61 87 86 31 42 40
45 82 90 23 71 84
92 63 26 53 30 98
72 66 92 80 24 53
62 98 25 68 41 68
64 83 12 78 54 59
87 87 15 50 69 10
20 26 38 2 40 61
26 32 20 43 1 14
9 56 4 97 22 34
42 40 74 95 71 34
93 24 14 10 76 50
63 54 65 12 78 62
24 73 13 86 56 54
60 1 78 26 56 81
58 78 25 3 88 18
41 2 86 15 29 13
77 36 23 82 17 59
6 68 12 64 41 71
24 81 17 15 5 27
68 81 92 15 21 39
47 56 96 39 40 88
64 12 36 96 33 99
57 12 51 42 44 75
99 25 35 74 12 87
69 94 43 25 95 85
82 82 86 38 98 4
90 81 2 97 50 52
52 53 64 59 55 8
24 61 88 87 53 23
81 32 69 54 70 65
75 89 66 7 44 4
41 48 40 93 62 67
77 23 34 80 30 33
57 36 60 86 9 34
63 8 94 91 37 91
75 71 81 7 10 36
79 84 81 42 63 39
91 41 41 3 60 57
76 80 21 29 20 34
73 14 93 30 39 58
96 44 13 78 23 99
5 76 69 78 83 84
60 89 90 46 67 38
53 69 96 84 87 76
60 16 66 58 67 57
80 6 42 58 62 13
42 55 42 7 25 56
34 58 86 31 45 5
51 10 66 45 31 6
1 60 58 15 41 6
93 16 74 9 38 68
68 31 55 24 32 54
93 75 83 91 76 96
81 24 44 84 60 53
30 62 94 81 58 26
78 26 56 88 85 68
32 77 83 69 23 23
67 52 79 5 2 31
57 3 10 7 21 63
48 51 79 91 54 24
82 59 3 38 21 77
72 68 85 55 74 89
2 20 3 92 14 6
48 62 56 36 88 75
96 32 68 79 1 41
90 65 25 4 62 59
22 72 55 47 1 5
78 18 6 42 27 4
47 78 68 79 55 92
23 57 21 74 10 24
32 43 64 16 43 20
79 78 78 2 32 36
45 97 17 87 36 52
7 59 80 28 91 63
95 94 12 36 73 91
42 25 87 27 42 68
69 43 71 67 6 63
88 52 85 34 51 63
58 32 24 72 68 82
57 2 28 29 27 32
82 77 16 70 21 59
54 54 13 53 83 98
71 19 59 98 1 10
77 4 63 33 63 88
6 38 75 74 68 98
95 59 83 71 17 58
91 57 76 31 32 96
36 8 76 28 44 90
70 92 69 71 12 53
67 37 14 54 41 17
18 18 77 41 56 56
39 90 87 97 92 46
73 22 78 75 29 91
11 53 4 12 13 10
25 72 70 76 41 61
22 47 85 38 14 15
7 69 6 63 36 86
32 32 60 25 1 70
19 28 94 70 55 8
12 93 35 34 76 93
9 14 92 30 21 88
27 4 93 88 55 11
31 65 91 55 29 30
18 80 62 57 93 57
65 59 60 5 98 4
17 95 7 10 21 16
50 15 25 70 23 42
19 41 40 69 78 56
24 54 10 90 87 80
90 99 28 81 66 81
11 64 47 4 95 95
72 38 54 41 83 74
81 80 14 90 31 34
16 34 86 59 28 76
16 67 30 80 79 41
63 17 2 72 22 82
67 80 84 95 63 46
78 50 82 43 78 87
68 33 85 78 72 19
56 46 12 72 68 3
30 91 78 30 55 76
3 37 59 18 82 20
28 79 82 73 99 62
4 40 91 60 97 29
21 16 54 70 9 24
92 35 93 15 8 48
94 92 92 75 46 89
92 64 33 54 53 42
8 40 5 81 49 90
39 13 5 57 3 57
64 93 41 22 73 10
32 52 84 96 17 58
98 34 38 12 78 97
46 10 40 36 60 72
98 60 45 52 11 65
16 8 91 31 8 94
47 73 36 22 96 51
26 56 72 97 37 86
72 82 63 43 22 57
87 38 63 28 95 4
42 37 60 74 79 26
10 49 35 90 43 84
42 99 25 48 99 44
67 63 52 32 23 79
77 49 10 73 14 44
50 35 51 21 59 65
77 21 50 50 5 50
13 67 2 48 8 11
88 27 24 76 16 15
40 96 32 98 62 63
5 83 96 17 30 7
85 30 42 93 25 27
81 26 77 63 21 13
85 36 72 86 97 82
79 94 19 77 65 62
74 42 21 27 45 40
85 11 8 88 54 29
6 93 87 57 24 88
19 9 80 23 26 13
90 58 50 4 3 23
93 64 53 8 72 27
50 42 20 78 46 39
91 35 65 95 93 44
55 30 18 89 62 41
58 8 57 70 43 95
32 61 80 24 15 5
33 92 9 94 37 71
53 58 79 67 42 18
79 48 42 50 95 9
71 99 28 46 71 63
80 26 10 55 62 73
14 97 15 26 32 39
12 29 20 42 85 81
61 36 35 83 16 29
70 64 97 62 26 55
86 80 62 68 21 51
40 81 98 66 86 19
53 2 65 53 36 51
84 74 26 95 56 74
24 50 9 73 53 72
86 13 18 37 53 81
43 63 43 53 72 35
18 52 37 20 93 68
81 73 81 89 86 51
25 33 50 96 49 90
41 54 1 90 82 9
31 93 64 29 38 72
25 22 3 55 94 27
77 3 93 94 48 97
58 4 6 25 47 75
69 93 97 29 8 72
67 47 44 65 29 74
46 6 52 89 37 43
89 96 11 51 83 46
14 12 79 62 57 38
53 61 80 39 48 36
96 54 26 38 2 70
41 80 97 86 70 80
31 11 3 4 32 77
11 54 10 45 44 69
18 62 59 17 53 51
96 99 57 67 18 82
8 39 55 44 54 52
10 18 45 46 15 34
78 70 13 41 2 53
53 94 61 42 31 9
21 9 6 16 73 18
21 25 38 23 51 68
82 34 62 94 57 52
61 22 66 60 80 78
84 19 25 39 53 5
5 49 53 12 61 99
42 33 94 42 7 77
47 69 99 74 61 50
15 81 18 96 50 84
70 37 78 19 31 11
79 2 20 74 15 98
71 11 72 99 13 99
70 84 25 99 1 77
45 48 69 17 25 23
3 94 37 51 34 18
67 24 34 15 73 64
14 90 46 31 82 80
53 3 99 57 37 97
87 14 74 88 36 73
90 41 2 37 82 6
30 73 77 34 14 37
70 58 71 2 75 58
14 5 73 44 74 95
31 10 87 91 30 98
21 75 46 15 95 62
3 52 63 29 86 80
18 50 99 87 21 37
48 1 65 19 35 98
96 83 68 61 89 61
21 65 91 65 38 60
9 21 29 15 70 66
61 69 73 67 87 75
83 81 51 80 69 89
62 9 89 24 88 27
25 33 32 48 95 19
33 81 3 8 77 34
94 34 19 42 62 60
79 34 18 73 55 51
8 45 52 80 14 96
3 70 11 11 56 72
3 19 4 80 82 93
83 32 94 92 47 83
93 34 55 1 96 46
7 47 93 44 69 13
8 38 77 40 73 42
25 96 21 84 10 63
43 97 75 32 17 53
67 36 79 15 56 65
6 19 56 32 44 96
51 58 64 51 81 69
30 94 7 28 97 79
13 6 5 33 52 2
70 85 71 63 4 5
99 41 94 7 60 60
41 97 17 25 38 87
81 58 74 75 17 22
7 15 75 53 22 47
33 78 55 67 68 57
50 81 77 63 78 47
61 65 29 8 28 75
55 86 17 68 35 56
1 16 50 75 96 99
23 38 33 61 34 38
10 97 25 99 88 10
56 44 31 7 95 34
13 47 96 12 19 1
96 31 51 24 87 1
4 37 76 76 9 38
98 19 43 34 75 74
70 79 47 79 60 98
4 2 4 82 33 51
54 46 84 5 77 95
18 96 33 50 56 5
38 39 85 26 31 28
36 10 66 28 48 58
32 98 65 50 64 41
75 40 36 57 41 11
37 77 44 63 16 59
25 83 99 61 94 74
97 51 44 90 11 48
66 82 14 28 59 80
94 73 39 71 9 41
82 20 60 46 40 36
72 99 74 69 56 30
1 19 98 68 21 52
30 91 63 12 23 89
1 48 12 1 72 22
93 97 58 14 51 68
42 84 71 57 30 88
40 30 26 42 86 68
23 66 51 90 64 46
99 75 12 23 61 21
72 46 74 95 40 95
44 44 93 86 84 87
97 99 35 60 58 9
63 73 38 26 28 71
24 32 70 55 88 82
57 15 98 52 51 57
69 16 50 62 99 44
63 5 23 55 44 91
71 97 2 29 84 35
14 44 43 33 31 83
66 16 70 43 98 59
83 16 13 73 79 20
17 53 47 61 48 68
32 86 12 3 42 43
14 73 34 74 68 6
11 22 16 72 42 35
86 84 47 72 51 45