5
9
32
38
23
14
32
36
22
4
27
19
17
15
6
17
15
19
20
10
2
5
2
28
37
23
26
2
10
13
13
7
34
30
34
34
29
17
8
17
11
20
31
7
34
32
36
32
6
5
29
17
13
37
22
34
28
6
32
25
7
29
34
36
29
22
14
40
29
22
18
12
30
28
17
30
24
17
15
30
8
24
27
2
2
38
12
3
34
35
18
26
20
32
17
24
35
25
37
28
14
22
14
9
6
22
23
37
7
38
10
29
35
4
31
23
32
40
5
28
33
3
16
35
39
26
14
16
3
15
21
3
22
14
30
2
6
6
23
4
17
25
15
9
11
2
38
38
17
20
25
16
22
13
13
18
4
37
27
34
10
24
21
34
40
12
20
32
24
40
13
13
35
26
30
2
36
11
8
32
38
33
32
28
15
29
7
5
32
39
34
21
38
27
10
17
26
28
35
19
11
32
25
10
15
5
14
13
26
12
16
6
31
33
3
37
16
11
24
22
7
20
7
32
35
16
22
28
17
18
30
35
5
26
35
26
19
40
6
16
3
2
31
11
16
19
19
11
34
31
18
29
35
9
15
27
7
27
2
5
37
8
14
17
31
15
26
31
19
28
13
30
39
4
16
4
25
5
37
8
11
3
33
32
8
7
8
9
10
5
7
7
5
25
23
29
27
30
35
31
2
19
21
24
29
8
29
34
7
5
34
28
30
38
39
24
14
30
31
26
10
26
23
15
5
17
40
14
15
4
35
32
4
37
28
20
18
27
22
35
36
40
12
33
35
16
4
10
13
16
4
15
32
8
36
7
19
24
24
23
14
35
19
10
33
22
35
4
23
32
20
32
20
11
33
27
39
16
24
38
27
7
3
2
25
36
26
26
22
15
20
10
9
9
38
12
29
33
22
22
37
19
26
6
18
18
6
36
28
19
21
21
10
21
37
19
11
35
24
9
15
34
17
22
9
22
6
36
29
28
19
35
27
9
26
7
37
17
33
17
29
34
20
16
38
13
17
14
28
14
12
12
18
30
22
27
32
35
30
7
9
39
30
20
9
33
29
15
14
18
12
32
18
9
7
12
25
10
13
15
6
17
26
25
34
36
5
9
4
36
29
25
21
19
29
19
13
25
6
26
24
10
2
18
2
31
38
18
27
32
11
12
16
30
4
10
34
37
34
8
20
22
32
19
2
26
36
9
40
34
20
22
30
24
14
38
31
39
13
6
29
13
5
39
27
28
4
17
5
7
24
22
9
23
9
36
10
10
3
24
35
15
36
7
2
23
12
31
33
34
23
33
3
30
38
11
17
11
39
14
33
11
32
6
28
26
24
28
31
6
23
22
39
33
29
33
7
22
35
37
21
11
13
2
16
3
34
11
40
36
27
30
5
34
20
12
17
37
9
11
12
30
10
5
24
35
29
3
16
18
4
25
29
12
8
11
25
12
28
32
7
7
11
20
25
27
33
34
8
7
10
33
33
24
22
23
34
22
35
31
31
3
20
24
27
26
23
6
20
31
26
2
14
6
10
34
7
35
29
27
32
21
22
18
17
3
33
37
24
2
9
37
32
34
38
28
9
20
4
39
16
13
25
20
27
18
9
36
38
25
23
38
14
17
16
23
39
38
28
29
18
28
31
2
14
38
38
27
15
27
38
11
15
26
7
25
32
13
39
34
3
22
33
15
14
37
29
6
26
6
26
38
3
6
35
4
32
33
27
22
7
2
29
9
16
32
10
36
8
10
18
2
38
29
23
19
13
8
20
35
20
19
16
17
24
28
14
13
24
16
2
40
37
7
3
16
8
18
15
25
18
38
30
27
8
31
10
3
12
19
26
34
27
25
30
38
4
18
19
37
4
14
19
4
15
17
39
7
15
40
14
2
19
13
21
30
33
39
34
15
3
13
12
25
40
32
27
16
3
25
18
7
13
30
28
35
15
32
6
30
23
5
12
16
5
22
2
18
19
29
38
24
3
30
13
38
33
7
11
10
7
10
16
6
16
15
36
34
18
9
32
10
22
32
29
32
7
2
33
14
13
6
28
29
23
20
8
21
20
7
25
34
35
15
12
25
26
4
14
28
3
26
20
28
4
39
3
7
35
17
13
33
7
15
23
34
35
3
33
30
37
26
5
12
36
2
11
26
31
30
5
15
8
35
15
5
10
26
26
2
6
32
23
27
29
8
28
26
13
33
31
30
2
28
24
25
36
27
27
40
23
35
4
28
21
30
13
2
16
37
23
27
13
5
34
26
32
20
23
8
21
5
32
2
14
32
17
28
33
8
27
27
13
30
21
6
39
14
29
21
10
30
23
4
21
2
37
20
13
27
34
10
29
38
35
37
17
30
7
36
14
12
12
36
5
34
2
39
16
2
16
35
12
13
9
24
39
37
28
24
18
24
25
16
38
38
28
25
28
4
35
13
27
6
12
2
31
25
18
11
10
26
31
10
3
28
2
35
8
20
31
33
18
3
18
40
34
3
18
26
3
38
25
40
15
17
18
37
18
34
5
34
35
12
33
32
31
19
19
6
33
4
18
18
16
10
35
14
28
11
29
4
37
12
35
14
12
25
2
14
27
7
33
5
10
25
10
28
24
8
6
10
31
31
31
32
31
5
7
22
33
32
18
27
3
36
7
27
15
26
11
17
25
27
20
17
3
8
23
22
27
16
21
5
37
37
14
2
37
8
4
17
5
22
3
16
34
9
9
37
37
13
37
17
22
28
32
12
5
7
24
36
10
5
3
26
28
12
17
10
29
10
6
36
7
13
27
30
31
22
15
15
25
2
34
7
25
36
7
11
18
12
36
5
3
11
26
29
19
19
27
8
36
2
4
36
8
38
32
33
31
26
39
36
33
10
26
38
34
38
23
24
9
33
26
26
5
32
6
15
22
24
19
18
2
35
39
40
29
13
19
23
8
32
33
33
27
33
12
32
18
8
37
8
31
37
36
26
31
31
7
5
37
34
37
33
18
14
16
23
4
15
37
19
20
15
5
24
7
30
25
24
24
13
13
16
20
23
40
13
27
32
20
19
31
12
3
10
24
30
22
24
31
5
34
8
39
23
19
11
8
32
28
38
35
18
5
28
15
16
19
15
37
15
11
24
25
20
17
11
8
5
18
40
5
32
20
10
25
36
38
25
17
27
17
28
32
16
9
28
12
15
13
5
9
16
33
26
29
28
3
19
7
4
15
27
7
14
31
9
34
35
33
18
9
25
22
12
26
4
32
13
8
17
21
21
33
15
34
32
21
8
35
13
16
8
4
8
8
35
2
35
4
32
18
18
11
31
27
10
14
24
33
7
33
6
24
26
7
38
37
36
6
7
27
7
36
31
34
37
27
37
34
17
18
24
30
11
2
32
8
33
30
36
35
40
26
16
11
31
30
35
23
10
6
12
38
13
29
13
34
32
34
7
25
38
31
21
22
31
35
9
6
26
23
9
31
11
38
7
4
17
38
27
8
38
29
4
19
30
33
33
4
37
14
7
10
7
4
21
33
23
5
5
5
13
19
11
28
13
12
36
2
37
15
19
12
5
32
29
34
38
25
9
31
37
11
36
33
18
35
7
40
39
17
4
35
11
33
20
18
17
12
22
8
25
7
35
30
35
38
16
20
23
36
33
33
11
24
7
4
18
19
34
23
34
8
29
12
15
33
31
18
18
31
22
25
19
23
31
18
35
5
30
27
29
11
6
40
15
35
21
29
33
38
16
40
39
24
10
23
8
33
20
23
5
38
22
3
34
10
30
25
27
35
38
4
15
36
34
5
9
12
2
11
13
30
18
26
24
38
28
10
20
12
23
24
4
36
19
36
31
28
25
37
2
4
18
17
14
28
20
2
38
28
34
11
7
4
22
36
8
29
18
4
2
26
25
23
21
2
22
9
39
11
7
30
31
25
29
16
24
11
29
34
37
12
15
32
10
18
2
25
21
26
29
13