14, 6, 218, 12, 3, 234, 8
3, 306, 30, 27, 13, 6
4, 21, 341, 94, 9
62, 6, 34, 11, 6, 22, 4
8, 54, 106, 202, 27, 24
40, 99, 1, 75, 41
41, 166, 6
5, 12, 56, 44, 128
14, 6, 8, 125, 155, 3, 61, 2, 107, 1
7, 4, 137, 213, 56
170, 12, 1, 74, 74
166, 72, 4, 7, 69, 82
69, 33, 58
1, 7, 20, 8, 274, 64, 57, 44
29, 8, 274, 2
4, 3, 9, 30, 15, 109, 2
5, 4, 46, 139, 146, 1, 7, 26
6, 92, 32, 63
122, 17, 3, 4
1, 6, 9, 61, 49
268, 7, 86
40, 316
7, 18, 4, 318, 3
4, 1, 9, 41, 65, 41
164, 13, 3, 177, 104
2, 106, 13
10, 11, 23, 114, 11, 1
9, 133, 304
1, 23, 7, 20, 36, 357
15, 7, 287, 5
32, 2, 232, 6, 114, 2, 1
3, 112, 108, 29
14, 11, 295, 118, 7, 43
304, 12, 2, 46, 16, 11
208, 9
233, 5, 81, 44
9, 4, 24, 104, 16
4, 19, 32, 1, 7, 266
61, 25, 2, 4, 3, 48, 71
36, 15, 7, 4, 36, 2, 6
24, 1, 12, 26, 8, 54, 306, 4, 3, 1
9, 8, 126, 95, 3, 40
52, 17, 3, 232, 3, 32, 137
13, 3, 28, 61, 9, 241
279, 7, 38, 11
3, 9, 112, 25, 5, 6, 17, 50
8, 152, 9, 9, 4
6, 25, 16, 74, 226
26, 3, 110, 204, 106
7, 53, 72, 26, 252, 26
226
8, 46, 303, 8, 106
88, 1, 304, 15, 57
19, 14, 211, 22, 3, 141
280, 6, 6
22, 1, 83, 17, 14
325, 109, 9, 7, 4
3, 37, 25, 129
7, 16, 21, 86, 10
192, 199, 7, 7, 4, 4
15, 21, 3, 3, 4, 44, 18, 47, 4
1, 13, 52, 12, 71, 8, 24
106, 81, 56, 140, 5
11, 12, 6, 322, 115, 26
49, 224, 2, 21, 23, 6, 147
157, 5, 6, 111, 107
151, 4, 44, 146
166, 109, 16, 8
144
85, 8, 105, 2
15, 37, 3, 6, 31, 9, 1
19, 283, 1, 92
145, 34, 30, 7
252, 2, 181, 35, 1, 2
67, 251, 9, 57
109, 141, 70, 1, 5, 51, 37, 33
89, 230, 50, 4, 43
54, 6, 181, 116
54, 194, 7
4, 8, 160, 107
3, 99, 178, 3, 22, 22
30, 89, 170, 5, 2
120, 15, 3, 5
361, 18, 77, 25
69, 60, 44, 18, 1
54, 12, 9, 112, 34
118, 161, 10, 2, 37
54, 185, 65, 6
6, 7, 44, 5, 3, 261
79, 5, 12, 9
426, 9
48, 5, 9, 10, 5, 44, 1, 80
78, 28, 3, 29, 19, 14, 88
9, 160, 38
4, 10, 13, 136, 3
8, 53, 21, 48
21, 1, 5, 74
19, 11, 19, 32, 23, 4
5, 5, 11, 116, 42, 77, 75, 2
60, 266, 5, 18, 4
2, 13, 201, 54, 7
79, 4, 18, 12, 2, 8, 33
6, 25, 41, 48
66, 39, 34, 197
66, 1, 71, 51, 228, 16, 58
6, 4, 24, 46, 66, 4, 1
1, 110, 38, 89
174, 6, 8, 129, 44, 70
9, 36, 384
7, 360, 4
2, 83, 38, 9
10, 3, 183, 5, 33, 9
139, 2, 82, 2, 11, 105
133, 12, 33
17, 184, 23, 44, 100
4, 5, 9, 299, 70, 8, 56
5, 5, 5, 83, 73
242, 173, 8, 27, 12, 23
177, 16, 14, 24, 49
53, 73, 169, 44, 7
130, 3, 2, 128
14, 374, 1, 30
52, 6, 9, 46
40, 27, 7, 23, 19, 96
54, 14, 2, 32, 18, 8
222, 11, 54, 4, 13, 115, 1
15, 65, 1, 55, 7, 53, 15, 41, 9
1, 9, 1, 84, 129, 10, 8, 146, 8
22, 30, 10, 177, 7, 111, 25, 39, 32, 5
7, 15, 421
5, 4, 1, 5, 174, 5, 2, 153
113, 9, 3, 7, 5, 23, 161, 4, 15, 8
106, 6
16, 7, 53, 17, 106, 77, 22, 47, 30
6, 174, 8, 30
16, 39, 3, 125, 47
20, 63, 1, 28, 13, 6, 3
6, 13, 38, 47
116, 20, 39, 3, 18, 8
304, 4
19, 70, 2, 331
11, 8, 96, 78, 7, 7, 8
89, 101, 32, 65, 17, 6, 7
15, 3, 180, 5
111, 17, 3, 37, 155
8, 14, 12, 20, 26, 72
26, 101, 6, 61, 7
37, 40, 20, 5, 289, 8
3, 100, 8, 26, 175
39, 50, 40, 12, 18, 42, 7
66, 4, 13, 65, 22, 7
12, 275, 2
142, 19, 108, 184
34, 74, 1
3, 95, 43, 7, 10, 6, 94
6, 22, 41, 6, 187
132, 1
124, 288
24, 8, 6, 41, 45, 154, 16
203, 7, 92, 6, 4, 5, 31, 80
252, 71, 7
174, 10, 3
22, 9, 66, 72
8, 3, 163
149, 113, 40, 7
87, 19, 6, 71, 4, 261
1, 149
55, 157, 77, 12, 43, 1, 56
24, 10, 46, 26, 2, 75
9, 21, 40, 9, 165
1, 18, 31, 388
4, 6, 1, 10, 128
47, 2, 121, 41
11, 180, 2, 46
34, 248
7, 34, 7, 102, 39
97, 10, 24, 21, 2, 11
45, 12, 4, 48, 11, 10, 32
9, 205, 8, 21, 3, 10, 1
120, 6, 81, 17
72, 75, 350, 1
35, 6, 16, 114, 5
3, 3, 131, 1, 8, 43, 76
13, 59, 6, 23, 43, 10, 79, 256
4, 410, 5, 7, 14
25, 84, 8, 21, 26, 14, 35, 9
4, 117, 8
34, 27, 12, 1, 30, 3
6, 43, 4, 9, 122
99, 293
24, 408
281, 29, 49, 3
74, 7, 54
7, 5, 106, 22, 23, 25
185, 41, 41, 32, 4, 9, 20, 2, 10, 59, 83, 1
13, 87, 7, 194, 27, 51, 21, 6
54, 136, 5, 124
101, 6, 47, 8, 62, 145, 3
11, 18, 32, 1, 74, 228
20, 15, 378, 73
9, 65, 61, 6, 137, 10, 5, 9
15, 3, 303, 10, 46
40, 42, 283, 5, 11, 1, 11, 79, 25
2, 248
1, 327, 2, 8, 4
245, 19, 4
34, 152, 117, 10, 9
9, 10, 21, 5, 245
11, 55, 3, 27, 17, 4
6, 30, 33, 6, 4, 18, 13
114, 94, 2, 119, 7, 16
6, 16, 51, 156
8, 226, 45, 30, 113, 2
69, 22, 3, 75, 36
44, 1, 8, 98, 70, 2, 32, 99, 9, 55
3, 173, 13, 1
35, 5, 234, 42, 19, 9, 24, 59, 3
2, 4, 75, 34
95, 333, 1, 12
8, 27, 197
144, 72, 4, 17
44, 7, 9, 2, 8, 408
4, 1, 98, 27, 6
3, 68, 8, 41, 23, 29, 1
45, 13, 22, 4, 182
252, 2, 128
7, 77, 58, 107, 33, 6
7, 1, 92, 9, 17, 81, 3
9, 22, 18, 176
168, 18, 5, 16, 13
48, 12, 54
8, 141, 125, 5, 42
5, 143
123, 18, 4, 9
92, 12, 117, 2, 32, 80, 5, 11, 9
106, 9, 1, 283, 6
88, 6, 15, 15
274, 1
39, 17, 16, 7, 359, 4
36, 11, 3, 374, 6, 3
3, 12, 31, 6, 236, 22, 17, 21, 94, 25, 12
173, 222, 4, 1, 6, 17, 6, 5
233, 16, 36, 47, 19
134, 151, 35, 3, 60
77, 7, 48, 6, 111, 47, 6, 57
11, 3, 11, 365, 1, 2
95, 30, 76, 164
9, 12, 10, 44, 1, 69, 1, 116, 29
6, 2, 24, 49, 340, 46
9, 216, 9, 22, 7, 115, 7, 1, 1
73, 5, 2, 12, 26
3, 23, 134, 86, 7, 182, 18, 30
483, 10
44, 185, 4, 8
262, 94, 6, 89, 15
281, 65, 17, 9, 84
201, 4, 291
18, 62, 4, 286, 92
190, 47, 6, 41
4, 52, 43, 303
11, 20, 247, 143, 4
108, 3
10, 28, 49, 9, 38, 4, 20, 6
66, 121, 11
24, 42, 363, 16
61, 13, 335
17, 9, 65, 86, 39, 243
20, 245, 53, 51, 4, 31, 6, 44, 6
210, 8, 64, 54, 7
3, 3, 1, 458, 9
272, 17, 5, 9, 89, 22, 41
34, 52, 126, 1, 9, 26
175, 207, 7, 9, 48, 7, 15, 26
8, 6, 79, 14, 46, 5
208, 291
4, 71, 2, 37, 10, 14
18, 1, 39, 27, 114, 291
51, 240, 2, 11
8, 10, 3, 22, 101, 3
99, 19, 8, 85, 8, 37, 228
4, 44, 75, 7, 210, 29
2, 78, 59
124, 12, 58, 113, 113, 7
15, 10, 14, 351, 6, 1
53, 60, 1, 108, 156
88, 54, 116, 37
66, 6, 64, 47, 81, 135, 15
63, 153, 9, 8, 2, 14
1, 89, 9, 1
185, 23, 34, 43, 4, 16
20, 8, 223, 2
17, 14, 11, 22, 166, 4
18, 17, 3, 179, 81, 139
83, 201, 9
1, 2, 167, 9, 215
24, 62, 33, 21, 28
86, 2, 29, 136, 11, 1, 41, 1
8, 1, 3, 12, 98
7, 139, 103, 21, 3
48, 199
10, 11, 6, 201, 83
1, 9, 46, 3, 147
7, 167, 8, 9
25, 5, 18, 2, 48, 7, 58
118, 7
192, 23, 14, 6
73, 80, 21, 57
37, 156, 8, 12, 12, 25, 28
7, 149, 1, 152, 98
16, 50, 3, 1, 272, 23, 8
1, 100, 13, 2, 82, 44
4, 13, 26, 254
220, 7, 1, 33, 15
85, 5, 11, 18
19, 160
7, 97, 19
41, 65, 15, 18, 26, 10
94, 2, 12, 9, 3, 214
4, 164, 4, 70, 13, 5
11, 195, 11, 57, 46, 77, 1
148, 42, 5
10, 250, 3, 194, 13
63, 85, 7
1, 10, 63, 33, 97, 32
136, 265, 3
19, 32, 62, 29, 90, 1, 36
153, 103, 3, 80
84, 237, 3
1, 227
315, 129, 17, 3
2, 10, 13, 363, 1, 10, 4
49, 150, 84, 9, 33
9, 149, 109
165, 3, 65
82, 13, 5, 5, 245, 10, 7
23, 143, 89, 6, 25
64, 16, 3, 15, 172
288, 3, 7, 16, 20, 39, 42
2, 251, 18
259, 176, 1, 18, 9, 17
40, 24, 143, 18, 8, 84, 1
266, 60, 5, 35, 14
1, 24, 41, 100, 10, 10
4, 3, 94, 173, 17, 10
13, 427, 12
8, 232, 75, 51
3, 92, 109, 7, 13, 23, 47, 6, 6
50, 5, 17, 81, 84, 6, 133
83, 32, 46, 136, 3
10, 31, 176, 89, 28, 4
11, 53, 100, 4, 55, 16, 1
166, 8, 1, 15, 4, 121
3, 29, 164
18, 5, 19, 6, 171
151, 35, 97
7, 20, 346, 15, 2
48, 250
6, 154, 7, 10, 8
207, 1, 15, 2, 8, 1, 136
58, 9, 10, 2, 29, 232
9, 139, 29, 8, 147
50, 99, 6, 10, 34
11, 4, 81, 107, 178
61, 19, 1, 122, 16, 24, 42
20, 293, 1, 40
3, 53, 95, 11, 5
2, 81, 22, 26
24, 75, 2, 15
38, 5, 5, 8, 401
326, 65, 1, 19
1, 142, 16, 31, 36, 18, 2
201, 8, 58, 6, 11, 54, 8, 6, 2, 4
176, 198, 5
5, 93, 3, 113, 9
431, 8, 6, 18
222, 1, 6, 4, 31
27, 7, 15, 1, 3, 373
103, 1, 21, 2, 15
16, 5, 89, 6, 5, 20, 12
34, 166, 23, 45, 8, 40
14, 10, 48, 265
460, 3, 14
40, 4, 4, 238, 7, 10
32, 25, 4, 20, 5, 16, 1
31, 108, 2
58, 152, 2, 211
4, 39, 356, 9
6, 8, 260
141, 6, 6, 50, 177, 87, 1
6, 5, 175, 25, 119, 14
196, 4, 12, 5, 7, 7, 9, 14
2, 14, 4, 160
87, 5, 28, 7
17, 8, 108, 42, 34
20, 174, 8, 14, 234
4, 7, 7, 19, 12, 183, 27, 61
98, 24, 1, 97, 31
18, 268, 1
52, 101, 11, 3, 30