1000 1002 1009 1000
1001 1008 1008 4977
1009 1000 1004 1003
1003 1001 1006 7941
1009 1007 6029 1008
1003 1004 1005 1009
1002 1003 1006 6270
1003 1003 1002 1000
1006 1007 1006 1008
1002 1001 1006 1005
7476 1000 1001 1004
1001 1001 1008 1008
1007 1003 1000 1002
1001 1003 1004 1009
1000 1007 1001 7006
1001 1002 1005 1003
1009 1003 1004 1001
1006 1004 1005 1000
1007 1003 1009 1002
7398 1006 1006 1000
1000 1003 1007 1002
1002 1006 1008 1000
1006 1005 1003 1005
1001 1004 2652 8458
8763 1005 1001 1005
1007 1002 1006 1004
8375 3983 1005 1004
1000 1006 1000 1001
1002 1002 1007 1002
1007 1009 1004 1003
3877 9761 1004 1008
1007 1006 1001 1003
8408 1001 1000 1000
1009 1000 1001 1002
1005 1000 1007 1004
1004 1009 1000 1003
1002 1002 1004 1009
1008 2789 1008 1009
1000 1001 1002 1009
1002 1000 1008 1008
1008 1000 1009 1007
1002 1001 1004 1005
1002 1003 1003 1002
1008 1007 1007 1008
7222 1004 1000 1007
1003 1004 1004 1008
1006 1003 1009 1006
1003 1008 1007 6409
1009 1001 3688 1004
1008 1009 9840 1002