33 81 34 46
42 84 23 21
34 66 34 53
61 48 57 10
19 95 87 57
73 60 59 98
88 33 43 83
32 12 45 71
38 85 94 50
15 40 35 60
17 37 58 56
78 90 41 67
42 12 55 18
86 75 28 72
22 45 89 14
13 69 98 24
82 95 27 59
49 24 23 56
86 96 49 76
50 16 47 72
24 53 97 71
36 84 42 59
23 64 44 70
43 60 82 18
31 91 18 97
37 63 27 91
81 37 75 19
48 80 66 93
14 28 57 18
37 58 46 41
52 22 42 40
83 89 52 50
44 22 40 40
79 66 31 70
14 81 20 25
74 38 51 77
16 43 45 26
36 65 52 11
13 13 68 33
69 89 80 72
26 35 86 11
78 67 85 88
75 98 41 28
12 35 15 72
70 12 61 79
16 99 36 76
83 45 89 95
79 75 38 62
20 62 21 25
53 33 77 74
32 86 22 30
64 31 50 48
73 24 63 73
90 38 11 37
77 63 62 78
90 19 32 63
82 87 42 17
94 66 80 11
94 57 70 84
14 31 39 91
65 15 96 40
64 58 28 17
74 62 21 55
15 39 21 34
52 92 25 49
28 29 49 55
30 65 44 92
10 10 12 47
82 99 27 87
68 30 16 55
24 93 93 76
54 44 14 34
10 53 92 19
21 13 19 35
61 68 85 93
16 47 46 30
84 87 94 59
60 36 69 30
31 69 26 38
47 27 33 80
20 96 78 29
58 41 11 85
23 88 43 79
32 83 13 29
36 98 48 35
77 25 32 88
71 95 51 46
99 41 74 92
56 18 51 27
20 45 15 71
54 39 67 54
73 25 26 39
23 26 17 67
39 43 56 68
64 51 97 22
44 91 99 29
54 29 96 65
46 20 81 17
90 76 97 61