1
3
4
5
6
6
8
8
20
23
25
89
91
265
348
573
734
770
809
868
1407
2972
3711
3768
4146
5753
5861
6676
38854
55504
76824
92088
382365
412532
428612
537641
728696
823519
1547415
2331887
4517701
6401912
8627021
9869071
46217939
57709528
63421540
634820569
943349222
997302705
1351112915
2335501785
2918218515
5815783109
6413949141
7748064878
9126356441
12856830980
16390524610
22341213499
24588113259
36431354508
59316343227
66854051921
81809575083
87272270501
90442400436
161743279751
260311234079
371819598846
635647093627
757644760362
1791917726295
2455185091208
2843311028823
3937496338075
6584131754197
9142971137551
31675800122793
33056161271183
93462625058020
114779406394729
137874828158324
777232838835380
846151174995853
1111524171408576
1256362937933771
4242544447613021
4996033724162947
6094705640405582
7004153339189952
9191411771815641
9600495863560468
13433783494441122
48783504921348427
57849322179819609
59107727867629402
67384455974843823
853616092594222905
90192236104906902827
514907251909823106372
753236997858305059891114
171186244159185748156130296
3410176809602216366966315671
836605332010968272812368554430
724395387324132870685630085171858
6571647396148752206750592461389997
93686273169771209166665984073185658
77736927977793455731607647320604716
770618991440827102037436604920781455
