166998
180270
192708
121136
161764
140436
144810
115987
175058
137645
149538
166142
135726
140142
195813
166175
126091
142873
166908
193000
181575
133209
165536
163304
110603
189837
107510
199712
157530
177782
187285
180680
155080
146611
194858
128394
169042
171769
192314
132612
123030
189771
110093
189815
120240
146739
135958
187752
132080
163172
145776
195959
141401
126457
187221
177124
123541
107291
180572
110630
181270
179135
129406
106733
102554
156639
158267
118021
126419
174235
166106
159109
102388
132085
197212
147099
126925
123460
157034
187687
126688
160514
138846
164000
176706
146252
145062
158747
185183
198355
135627
172761
167018
155179
103021
157928
152005
183781
128099
128355