42259
24995
58799
59195
50869
6741
33059
37518
50398
53906
13232
46207
50939
5940
36606
32524
21550
7784
55980
20499
22613
28347
20150
63720
22119
42404
58913
7055
18688
5068
55322
55372
13425
8560
26085
32716
54423
31221
61286
48308
57165
39002
12863
24602
19903
56102
39635
28319
29887
701
61026
36569
65077
6822
28362
39238
26137
41717
33402
24454
26927
64289
44002
32158
4816
56308
3114
60776
62668
53668
52385
53900
39162
35352
2018
34036
58124
297
20880
64268
46108
36773
7246
10697
5277
45313
41661
43878
61121
27581
34841
43362
38775
26176
11336
57367
44967
30101
53999
24824
30938
49763
4503
37372
22085
47674
14567
42487
20872
42407
22275
32845
28033
1670
38942
44321
12481
19012
46499
32530
29593
22912
30496
50908
43654
17251
19767
63189
29076
49038
3881
43286
1629
59022
35391
54511
10514
5013
48065
62091
53791
52643
20789
38611
20861
60570
22002
32257
53748
28486
1279
63103
61128
16977
64152
61859
39555
27264
11852
10282
33991
32714
63232
20188
56694
30397
24310
21108
7494
46675
4057
44884
1603
3508
29299
58208
56293
22361
27862
35270
52143
30480
11860
36585
33057
1975
3258
58725
57118
15019
51793
7340
7049
20714
24604
43699
62998
43632
23686
3744
62117
45892
28559
21223
41856
38639
5023
2363
55418
5301
30691
17378
27144
21421
23053
16079
52382
43314
10499
7897
46061
54693
54169
46223
23407
41736
56036
49615
30037
3980
1466
48140
40009
65187
26203
64616
26494
17787
51243
37789
15143
33069
14166
43210
8576
20746
16615
36824
24030
38648
55270
39350
15187
13537
37931
57734
34964
37322
33442
47936
14611
38414
28984
29780
40270
65130
2480
51743
32004
28249
64468
35858
15861
33420
16559
42572
34971
64372
57602
31864
21798
6460
25340
17953
36771
20360
46346
30072
29486
46242
57527
31078
5947
42750
30268
37352
59000
297
20654
48350
15288
63150
36090
53210
41812
51088
22936
14366
35610
27098
62947
50388
58602
24346
2237
64155
41831
5981
2979
62847
1087
51604
287
49418
2911
37817
42758
37766
62710
43122
50265
22120
22086
20561
35216
38816
35454
53863
52348
65384
20911
17656
38361
54262
29763
42203
12275
25960
8912
61110
58180
7597
60674
57944
39026
41732
34848
6934
43779
23786
28826
63271
11657
1318
43026
294
4723
55958
34057
48398
23466
30579
10838
58669
58562
13252
6157
7006
16361
33616
6839
47183
21366
24244
31177
11012
38797
40849
2642
15497
8877
29437
27944
38676
52575
29949
15995
28699
24254
6028
42881
23246
24580
15958
28130
57031
46309
14976
6471
49411
40306
60258
29784
29185
7795
11961
33301
46422
56602
176
25787
4191
45027
33151
42413
51885
31582
55883
43379
14335
916
24506
9477
1486
46801
14623
62024
30937
8570
60868
37628
58963
22355
57554
1140
445
42630
31078
27203
48721
54763
42504
43124
23167
53554
10088
31429
62953
7735
46144
55777
46449
20227
7225
52406
17937
60557
60139
24973
41697
57193
13835
25943
63677
20068
34084
56039
3305
56446
13365
2621
56833
36783
55454
17749
8362
13807
12118
1435
20419
1573
32608
22100
49777
62651
4675
48018
62275
15240
35547
59140
28418
24163
39555
24917
4268
25153
33063
30037
56374
63541
14032
65519
15167
6417
59471
44432
61753
23511
63890
52291
28304
9477
37416
58965
34837
39824
56874
5496
30477
21332
13880
27955
29296
40562
56060
6981
26876
54465
15172
2597
2071
62671
11353
19070
45978
3429
27697
60108
28108
15611
24351
45228
19060
1544
4318
3584
31999
54923
63642
4064
41512
42989
2187
19036
52599
25435
54376
5124
40595
64468
25189
6816
769
55054
31075
22057
54351
3352
49066
9583
33327
49778
37963
31963
19007
23748
35591
3484
13865
59864
60972
8321
25323
56625
40917
5597
10118
56113
63608
39335
305
51314
23344
54787
46268
32340
61394
63983
41036
29560
30658
37977
21070
16389
60721
54913
32662
31507
62830
58777
20129
24544
52169
25492
36304
60626
2240
61371
61316
6894
37060
51800
3319
30349
43426
65020
50862
48771
58873
18736
5475
47564
23844
43258
32417
2801
14730
5827
59327
16420
25617
298
2492
45935
25787
41391
2428
36968
60433
39077
20487
27080
22317
23710
5967
26080
23374
57025
36697
53428
55654
21429
6580
14600
16731
10645
1233
38100
24861
38042
60192
12920
60408
33913
29975
12719
32182
64200
64972
34190
39445
19139
37621
39985
43708
31564
20343
31989
50106
47084
19799
22352
18092
8173
7455
287
40454
37264
60069
46736
43286
22391
46465
26578
56902
60422
49154
24859
2291
52934
48695
20686
57844
32672
20284
54993
56095
1196
52430
5013
942
41321
35045
54446
28357
11993
58667
61068
46861
28963
45030
20161
10595
36591
12080
26181
26469
56360
8702
44754
23419
16785
31626
43443
60628
59034
772
7276
30687
62968
27887
7854
20697
62707
46873
10746
22013
53602
35658
61386
57263
48385
11036
14969
30362
39644
63374
59957
25812
19750
49420
22367
25379
49151
13060
64520
19622
13341
42922
35417
35879
23395
8783
15036
45114
16661
45221
40082
42230
5757
59778
24402
11453
38259
7145
32335
14809
21385
22245
44813
7948
24842
38647
46804
64579
21524
34300
30355
45647
39528
54266
54274
18129
54342
33063
25193
65126
39598
11172
56597
42767
63352
2876
37529
34886
8495
34789
23556
26575
32960
57134
25770
19016
59183
64431
64358
41804
29483
5797
29685
24912
35497
49001
25153
34280
60114
50091
55304
58044
58696
42092
57017
56620
37159
57971
8235
35078
33696
43781
15908
11614
16675
19468
17033
19264
21531
21785
7933
35804
24617
13431
57751
23446
16567
24040
48233
6430
43781
42044
49770
60775
46739
21259
15978
51001
57872
21456
38948
47693
27928
35105
38473
45842
33788
52523
22245
50230
40741
57867
29752
23416
8372
13825
14679
458
43475
3659
55657
50800
32987
53517
20436
19352
16495
14586
60594
24203
35095
10201
4918
50339
61948
35739
53854
11590
61080
46121
36603
38402
15722
11555
22853
50185
51834
6228
48774
36270
14876
61915
12439
18804
50317
26699
22
54501
11411
17265
21741
18223
50159
46579
65180
33992
28240
12975
61133
22599
35953
17937
48867
2438
61602
6833
58259
37574
24283
62802
62498
23497
27755
28520
27227
53571
22878
12446
35362
8572
53240
64296
37825
56996
44787
32181
45044
8345
58993
37108
8272
61259
49667
47480
63527
1471
41501
18103
982
64993
7960
10319
50577
61403
31959
38181
11459
27638
63298
17770
45815
36919
39889
51058
47363
43305
12578
56854
13544
23961
34519
5641
42762
20561
53503
14131
8157
58139
45963
9980
58322
42872
9710
47989
55947
9367
29243
22177
47476
5872
52063
32922
44816
25078
47693
64248
43229
20951
42290
23440
18098
45371
25283
17235
18718
61669
48565
19050
19127
20282
51272
1063
41855
23593
3596
27958
11658
4212
9625
22537
32608
63444
16606
3944
13543
65018
24381
62937
39119
54900
36287
42830
458
3345
55514
53044
52945
56914
29311
19646
39648
613
48864
19767
57869
14805
40334
34357
63871
18228
28909
19509
21610
43266
39290
19966
53417
12422
7811
26138
26473
48071
46102
12911
22066
32990
59609
52104
16758
62088
58687
22098
33064
37091
7747
31256
34211
62956
60278
62264
43941
65048
44537
3175
8910
13582
39158
54961
13112
21533
57655
22888
7511
5368
40212
51756
13931
50665
16424
805
60911
62356
47715
19621
44856
26512
20027
41700
36009
47101
36896
50716
38104
21627
21636
49732
58213
29662
61645
6377
5373
28111
29541
44427
38692
32282
34446
43088
56703
15844
28949
8461
9232
38318
47655
34048
31132
9397
48200
35648
14972
1931
30660
62527
8001
6755
4751
294
29656
63751
40315
49717
288
12092
14753
33064
43607
11747
11607
5677
36203
59733
12645
53956
1423
33642
52528
35870
5066
45406
43051
63817
55372
40376
36066
33088
17575
6607
2245
18793
54859
20330
4636
14005
57277
2515
31900
47214
45609
12836
31024
59245
56899
54070
43851
5577
27217
2007
58892
54956
57926
20201
43114
33060
16280
21533
20511
36905
5258
20561
32743
60159
30807
22437
31687
14023
36378
44996
23573
28667
47123
26493
1669
16389
38413
30655
37908
54630
60034
6601
45863
32653
265
51505
14252
1804
57373
46084
7618
60846
20754
17986
12095
36344
25058
35597
17242
287
22918
56209
57232
55579
44544
23518
57309
13468
53359
5030
33799
22421
56325
18083
5199
22682
62132
26383
1821
34820
65330
4470
17811
16549
19405
37667
3482
20407
44189
10099
20150
21908
21057
38929
36037
48003
13671
49276
9415
45605
8197
25744
4431
58999
20052
57844
56433
17587
39815
7166
55331
21906
13776
6445
7562
10810
38600
61651
24070
30612
13140
4975
62842
61310
52655
9337
45233
65165
48846
12164
13105
62899
7312
35535
10727
23376
29301
57290
62971
59554
43575
3607
10544
20753
26473
22162
24878
3964
46422
2303
53574
13341
648
306
42494
15404
34102
3815
10878
17075
44147
21507
55089
58296
31361
31160
1199
48254
36812
43452
55933
13837
29806
23700
55761
65384
37283
58190
47525
11298
57244
35472
293
44933
35886
59372
32728
63565
8430
16943
34183
39541
297
14840
35472
31338
10170
41901
19771
55756
14904
58322
43119
64718
15786
52117
1344
27260
60710
37942
49453
14015
52711
64771
8055
48749
46886
65398
36035
27324
8753
55569
18382
3644
4459
5944
51410
3568
11354
9458
16390
37430
31367
17679
297
25689
4126
48578
58682
17367
20739
19386
53884
38952
39013
63835
24835
16235
59095
38972
64788
60244
2167
5386
49945
60043
40399
36974
34078
52886
56058
61723
63469
41626
22786
24265
4689
7468
40559
2078
280
53163
10939
34066
19829
53048
412
29282
7801
24254
65432
52664
367
53891
29675
9436
9446
25789
19393
689
1364
678
42624
1306
6158
30775
1715
56350
5792
2629
6913
17349
57808
13043
62487
31108
24220
45491
60030
17949
13561
60126
12810
57395
37471
22227
24494
50181
60345
32229
39517
14346
54684
51768
41408
7375
21527
22917
23110
23468
18632
57704
57867
42875
59239
52622
11159
911
53946
9096
21155
46144
22441
49442
5361
60936
60916
61812
52250
54967
7647
3139
21202
3629
62512
49543
4670
9611
14671
63896
55084
16854
49428
40816
279
12739
12878
62818
58986
32975
14258
56433
40396
3376
56796
53675
28397
50770
2498
28076
49688
33524
28969
42782
14296
18324
44454
47171
22555
6163
32389
53271
40801
13159
9055
24618
18987
21194
30681
58826
57094
9818
42809
6899
45762
27047
46431
53911
59681
56335
52552
220
53020
25562
37015
46336
56805
16238
23258
37832
38591
6330
47646
14890
27257
6959
43346
868
23673
34147
56580
2363
58573
32168
64196
9254
54897
53585
5263
61998
889
36824
48123
45272
54394
35500
27315
6595
8726
49386
14305
28870
16556
46223
17018
21723
55804
15947
23221
57721
31460
29721
34959
49603
4881
16576
13764
4963
6388
8838
24564
18542
35903
62422
48297
35742
8207
18155
43286
34039
39542
63991
32267
57020
33779
23353
24342
30808
25260
426
50027
65144
306
5604
32288
14356
65092
30405
4091
57488
56667
39147
27318
36519
58720
8284
4461
60833
28987
17750
58549
14523
52019
55357
42377
37215
47195
2462
4317
60159
22479
23779
34648
2435
37725
44475
19829
23924
41628
24441
10748
36292
15584
53198
23922
61628
28543
29707
39220
17820
40667
52569
10204
45467
34321
51918
27134
19929
19873
11754
19294
58933
1557
29266
31441
3919
32193
49168
29649
31371
56870
51184
39373
1948
42630
23922
13528
9820
29438
3346
58547
20653
5362
22449
4198
9626
49550
34801
33854
57619
60552
48140
40153
52822
31846
46495
51980
55957
60449
57900
37741
39869
10742
56733
16237
17545
13038
56449
13782
34283
44368
50254
61726
1522
37249
27038
30271
10508
55586
42835
61509
9998
28130
17242
31337
53977
1387
54424
63478
38977
5511
56040
44622
34753
31317
41890
37351
13975
63796
33476
18347
52804
41311
15398
15736
60294
42086
1722
54552
48926
36938
11811
48785
19348
7561
45935
11102
54725
46067
37573
415
15594
6979
10385
3103
16304
6424
36579
28126
36911
6908
43227
63113
38125
52317
10043
15944
26998
34872
19083
33929
47089
12047
31598
12748
18056
60517
7328
11329
52500
54062
64863
46755
13689
37163
9635
62913
4390
51686
4070
61046
62267
58302
4341
5662
23716
61362
52225
23062
56060
12630
36951
56278
21654
46111
46852
33453
51469
13132
16362
50254
52911
22386
53018
61782
43183
16738
43644
64736
59820
37614
54322
43941
47659
39480
52109
34790
37903
7497
39720
65014
44308
23828
42494
8871
36436
6996
60511
58768
58750
61043
26932
15134
35600
16001
6554
38172
61456
10967
19929
39488
64079
34660
48224
63321
24991
50329
16516
10579
40577
39065
38232
60965
53186
35954
15487
6683
63315
64804
38951
15794
23329
38155
56360
62382
16780
6908
40976
29245
6891
50974
31972
32239
14826
34949
32151
63781
1082
22970
32127
33566
44674
30084
52369
38905
28320
7904
45520
20023
6170
55185
10340
57178
30733
46808
47823
23518
25112
46922
300
28893
53659
14785
57894
62369
7213
31718
30280
39092
60920
14709
15042
62761
47540
54898
49199
21687
21897
33637
27195
49483
63868
47897
8364
21713
20120
14199
10488
1709
46067
4273
60036
30483
31696
11516
51683
12959
20445
50856
58020
1663
26011
41165
62094
40927
19761
58514
17119
23293
51154
14158
28012
49351
5492
733
17655
23131
18172
51057
58427
54327
59293
43323
64181
23719
5703
42603
62512
26056
27952
9210
41199
30135
20784
30202
14137
57073
15137
26667
34502
1471
40663
37192
63374
34736
13187
290
9793
12892
60005
42918
33404
44781
13759
64616
27097
54410
27332
39500
34273
34588
12554
62351
27353
5301
33494
21037
61113
24617
24640
34376
64533
26882
45515
44498
47278
19454
59565
61124
27659
45096
32795
14795
56601
36901
48911
3451
10541
27291
2657
32828
20608
59243
27246
31913
21070
62124
17175
18095
21385
61979
14166
28725
55430
48614
10388
37019
58242
56024
46079
48527
16833
6271
40005
61459
38624
24357
32047
10662
4053
7671
23865
14514
517
18021
6040
9595
22311
7228
44891
38665
24139
14416
59022
21471
35706
39809
9968
6289
62959
14870
42785
12673
26458
37931
60916
12578
27629
21797
48270
61756
5722
53847
3913
48332
59212
8442
63119
12307
11433
36384
33064
27161
19060
58514
63343
13496
50365
41246
25858
54384
54415
50876
2856
36337
45371
37424
49052
48863
10929
18618
8542
5909
56443
11214
45650
3263
16624
16049
21567
25190
24868
55558
36778
30220
39308
41602
41159
32145
30340
41196
6959
48637
48879
41042
33072
54002
30649
20174
57338
22138
17775
64650
40958
61386
17986
44099
64014
45212
54548
49049
6199
15911
24892
44937
22917
22759
5169
36673
19009
21648
29321
32651
37262
44951
5371
57298
19527
4519
20446
1418
29986
38826
58217
48133
48287
2896
44782
62219
22642
24645
63422
44660
29395
47748
47197
55913
11408
52569
23367
50247
45083
29418
23042
13250
30708
11984
40317
14030
855
12422
14181
45003
38805
50119
52148
48598
21456
58444
107
40625
28859
15640
44534
18511
30764
17397
22600
3738
52732
18390
7795
34300
62704
35430
44271
8723
13809
13190
28302
32749
13618
34451
25016
21386
39692
19946
32389
13534
6719
16316
5580
56385
59744
18439
55322
27007
55572
60685
24520
13147
62336
34022
38301
54283
19548
51894
33800
27409
10265
54276
4972
65178
690
1864
4552
2731
26494
33940
26383
41679
10628
25151
1380
20164
29889
30700
39059
37264
22901
60722
1398
4782
12877
47996
50296
6845
49681
59957
43450
28907
39776
59400
48173
868
38980
29884
21194
54199
23072
11146
19007
48755
46721
453
29095
7126
54551
42307
23683
9028
58825
49028
34700
5193
14222
17075
32597
41914
48733
17496
3236
55660
4312
18742
61227
60258
55171
39382
62923
5089
21229
10395
28550
61664
59140
58609
48066
17796
21321
22317
49480
55208
10762
27167
37259
8978
54486
12219
43562
34443
42820
48113
31095
62544
19237
11972
39816
872
55041
33070
58461
47770
300
57450
9740
35259
11723
31362
17965
58241
61626
33339
20296
56685
32435
51205
25286
43452
56882
52220
35293
2760
59586
55239
45062
53180
3403
27569
63832
682
25517
49466
10561
17427
10075
36350
32073
39743
24544
29493
33582
50284
7063
49208
57124
16845
26069
24094
51046
10954
44756
5242
13661
56894
46408
49883
32867
49564
51217
24295
7446
61514
16225
51805
57000
8324
46008
60167
43887
29925
44882
55399
30938
4450
30985
53354
50584
26813
64984
57521
7228
21557
25004
36184
61162
8661
61558
52775
13630
9482
31569
42695
32363
7562
19213
39128
47891
19321
59653
52124
45791
18443
18631
53626
36863
10057
29254
19406
12664
55201
38259
56113
50676
46708
2639
44693
48714
26560
18396
9089
4252
10146
53086
24039
9350
39657
1585
20957
55838
65426
8756
55090
42989
33776
26479
36946
265
20618
50023
1408
33441
54964
14206
2693
12612
50335
26551
33659
46502
20049
35001
62967
47996
22437
702
30901
39008
24394
63887
19124
33070
8435
52908
51494
60905
3268
59269
42552
62689
21833
53839
42860
51997
2861
2462
26144
24242
18258
14155
5656
6495
11546
17722
14958
25122
42884
21509
42327
55567
10413
31391
11778
11238
5892
33448
32570
62071
40189
41358
35274
63559
55997
57260
45935
59566
58061
12191
30391
11660
6662
18790
43899
38781
47078
23866
24136
32614
33075
53048
32509
8726
23673
43899
37554
54458
40435
31605
40915
64669
23794
39572
48391
41784
31433
25303
40717
2422
43398
6289
58319
16870
15149
10772
305
30762
55102
2444
40712
24946
51526
43025
20847
31409
64296
31816
1070
27875
21348
33361
40187
34424
27031
28352
39391
53709
33062
24583
1269
11184
6409
32778
50761
16831
31858
5308
13593
43018
26740
25846
56664
30866
29830
49885
31105
50668
15493
62212
21312
49633
3889
53219
52403
61648
33767
30609
7479
11838
49698
50701
23162
16963
25146
39781
54191
4336
47346
31537
29121
52756
26481
9164
13038
14394
41240
35259
2727
22230
62335
58945
55363
3584
51467
4204
17317
61295
59046
357
9940
49245
55399
8312
42497
59152
47640
14826
33626
2845
15409
11148
57469
9891
61562
306
31701
16574
14582
24472
33953
27140
32618
28340
37945
33834
28553
38358
42896
43584
11043
18773
24734
61957
38299
60119
61381
29806
58825
14644
49967
55015
3821
13555
13945
38095
14267
56360
57823
10401
54614
1651
38685
49225
18418
47664
40252
29498
37684
14673
37917
64081
6217
30231
54596
37130
63371
20831
45786
62971
65246
60079
9959
53104
52286
61774
30562
55802
16319
43257
40957
2517
306
61586
42324
42868
26859
50638
18238
52333
60413
57762
31552
20992
7533
33500
26750
64882
53246
34804
36421
4912
2077
8288
4082
56406
25124
53378
61338
45725
32744
5167
37917
29805
358
35870
25870
36278
38337
35975
38798
56590
43714
2888
11919
31774
5554
51686
5836
34177
46568
31540
51834
26657
2060
60096
9102
43800
45762
20077
41019
64778
63707
45686
34053
46722
42729
8872
4599
38340
45476
13976
4132
33075
32267
27220
63599
9195
63677
9404
32512
13562
22691
47501
56181
14175
23506
31972
17224
21412
3088
3847
10516
22020
42362
61791
5268
15498
36319
47089
38160
32713
45175
36464
4031
767
13725
727
58783
3593
58571
28252
33940
49413
9371
35586
51508
26230
58714
9938
51762
26090
44147
16276
29638
45394
40308
6079
44742
56428
42732
41676
63949
60560
40351
32407
23674
714
28723
12335
35553
42024
29863
58813
41819
57513
13366
21444
53580
51184
37222
27028
998
10157
26294
288
42644
58477
7435
45080
35745
7651
36691
44523
12479
40465
60161
49636
52790
49267
37252
21569
42660
11075
52533
7471
29282
9307
37664
30371
64715
15429
35858
13289
50508
60709
38998
39143
38803
7909
46946
55418
49521
39432
41128
16549
6716
24427
29065
57572
61015
34824
14870
41642
55387
64763
14873
16780
12364
10408
15027
34343
7079
57731
42543
12532
45216
24907
2270
61433
38185
63703
36230
49799
52480
28070
23803
46059
19803
25355
57353
59155
52516
42380
31591
46693
3088
11825
21330
49657
35242
44979
50137
45869
26663
294
51992
11989
18175
22057
37233
63317
23468
28448
19256
2504
21026
35298
44087
12216
38757
62
34096
25639
58541
32613
31989
2207
49372
20556
47213
57018
34787
39527
2731
18142
5919
49141
49187
47479
3141
34802
31195
37713
20481
19773
16863
29357
8387
45301
17576
40435
28006
16295
21547
27800
22863
5041
10824
46375
34571
50912
51383
27796
14323
24034
11276
26433
62006
23746
48196
9764
42578
15862
5109
47572
32500
11434
37796
30564
37900
124
49080
23584
40399
47636
39949
58456
52621
12658
25420
36098
41173
51401
3382
44094
26463
55116
31318
56738
46187
52634
25117
57458
31141
25406
64879
46189
16430
43533
22075
50867
8101
29783
43431
36743
58923
44832
29085
4856
20018
19281
1453
5181
12612
59984
33060
10708
17876
2510
8855
52183
37279
35760
33063
43017
32055
14281
54238
53870
15206
30075
40129
11784
3319
34746
62636
36359
35376
50464
7450
23319
61761
19605
11857
3326
6888
43001
3217
1027
64550
2250
28534
64059
8113
65027
36510
65130
47800
11754
61430
47682
9490
31812
48194
15902
16864
8960
40300
51726
20192
56113
11767
33068
11843
49552
51354
33350
60219
22296
59399
2250
54576
45541
62012
22857
64321
32958
25529
9697
20399
35457
59178
29258
56611
23270
12992
54516
17960
16044
51520
48083
37790
4450
43128
65014
23174
19036
18721
49948
4207
762
37200
39961
5795
27742
63050
33063
31913
32752
54630
23330
36117
33437
37713
24351
62118
6943
8090
49866
63447
53065
2378
21199
4096
38579
51305
3203
9626
7928
35585
34842
19063
36078
14477
18694
35610
16001
12587
53718
41082
50995
34780
46142
59174
38452
60270
41267
24859
11
41873
20310
36018
60853
39961
32654
38929
50956
36128
45277
57820
33428
61702
23652
57066
49709
23416
53260
51452
53059
7270
20716
16442
12836
20020
1629
48566
61290
38840
5444
52504
812
40318
45971
60794
23758
15172
45666
60936
1961
1946
35102
34091
53771
24367
19322
61673
13437
29296
17377
60272
58073
29185
44280
9707
60389
31159
35060
306
880
2495
57476
34974
24273
40780
27760
62365
38764
17667
31472
53387
23669
3037
5571
65533
16891
19858
16062
39140
62789
34159
4353
27344
52759
30752
29485
38671
16675
36233
33465
1577
64244
58073
7413
35191
4960
2869
28475
29407
45702
53221
14551
44373
10798
65036
23786
52312
33025
37583
45362
25595
17416
53604
14205
13318
37143
18226
14897
11952
27458
5950
299
64466
40442
54242
45847
60048
56182
12459
42866
1072
4729
9424
59750
21815
42002
42744
5176
32282
49049
38908
62027
297
38613
59849
50138
43959
41810
39524
2597
34201
12736
39077
34947
53836
55114
53683
17374
62230
446
49388
52955
23596
46214
49451
52838
51275
31547
5761
40257
54433
9319
57177
21176
45689
52036
54838
43167
33058
49386
6733
5462
20023
31976
23590
38432
27402
19045
6981
45412
33503
18778
29666
65243
6628
18655
22422
8726
16804
31777
8706
26474
46218
1149
58471
24747
23041
2293
54895
42343
49239
42944
42522
43557
29935
34458
28386
33070
29384
65401
6868
32308
30967
51182
5595
40785
52069
32589
38582
21965
9977
40180
7064
5836
45711
36470
48578
9561
29009
39935
42173
40982
43688
45966
18626
60024
32473
22574
18005
6584
7817
62587
55457
52591
9597
32934
48502
2609
23276
10349
52636
62127
57748
51733
51482
4363
36083
34102
22753
35307
42977
58993
56479
2466
35724
19822
9842
57260
12670
17930
25154
45136
49372
24635
1676
3523
21264
50995
49583
22712
59027
17820
56941
57830
40826
41795
28708
9839
62221
58576
3385
52053
42524
45864
43719
55995
40502
61386
59713
12963
51532
10242
38484
13537
10797
21274
63045
46513
62278
43991
9410
54122
4701
57682
48343
16994
19442
37658
27895
19408
32275
29059
47289
19309
16609
42837
13567
288
50374
16165
34525
63127
37619
44578
57536
60345
33752
7942
43956
53039
51113
43251
44442
15621
45901
35739
17397
7423
6242
55735
38467
1832
57542
16804
21060
61538
56731
39926
53113
56102
35883
45907
29305
49899
9232
36688
5487
50882
28930
61193
4371
63641
34890
51834
39508
56040
19903
56492
1739
44291
33339
21412
26766
42827
20258
11789
50336
57594
8341
60027
7365
33779
57253
5388
7606
29692
12854
3971
23873
56823
35015
56752
22008
32993
6099
20404
51498
34910
27927
63528
10673
41219
52967
43158
53266
57932
18741
39686
64600
11551
36885
11238
33060
48981
3786
56386
46271
58362
53905
17656
20763
1875
26458
53449
3944
20389
53927
50959
36292
12095
62407
11837
13599
36679
28514
31924
35327
13831
8114
47794
48967
44602
61364
17293
1620
43068
55245
14075
40865
12759
13797
41190
47516
29609
41756
2811
64314
34778
56848
64084
45320
24871
19324
39054
26845
54430
11504
52801
24578
53822
64137
20799
16687
20590
15442
43572
5757
3553
5334
5059
35453
34133
3343
36066
29360
53918
13123
6096
7043
28612
17299
46475
12092
2588
43283
52457
45145
62636
16785
64957
55513
7098
45559
38636
35197
33075
28005
4650
173
25232
48552
15054
64869
28528
82
118
58849
25984
5728
34060
64236
61099
54823
6577
23757
42812
43799
32709
44894
40526
24054
10242
57300
42681
11961
56474
49128
38568
11024
59495
10835
4924
49805
21094
61756
41411
24417
22582
12829
23316
15284
35668
24369
27274
37429
34802
46117
47914
56462
62919
53915
46226
26377
47132
16304
21339
54634
56173
56344
46390
20368
17717
20763
8393
13238
57513
12939
13339
9175
40192
19122
50488
17172
53491
40658
63641
45182
41601
30967
7063
19057
11064
45388
56134
33602
35413
28126
63144
3664
31827
56794
4867
56984
33465
19671
25297
54931
56834
58160
38289
44354
51500
21098
63962
35835
28526
64977
11169
45071
1288
12487
51463
35672
23847
63992
16987
49769
61399
31292
20920
11867
48173
59434
42460
26095
48199
63977
50296
61702
25124
51189
21807
58846
15354
20595
33880
10881
40976
29308
41659
26681
50425
5441
48398
31111
55797
38037
37754
19864
61684
39335
30343
12127
62441
9791
3417
8298
44114
12155
27421
20835
8983
13032
35518
14695
7972
19361
6371
23758
44710
36281
44211
47256
48771
62878
61393
63107
59873
51604
56679
57579
16897
58963
16103
1585
1491
34223
12409
16367
44021
52280
21739
14735
42518
15571
57551
42194
56490
65347
10978
6213
659
30588
38668
60620
193
27273
39367
25253
36533
51425
60659
30675
20085
65067
41557
40048
31241
60569
23646
38068
34474
40402
8560
35573
14372
34202
48277
54324
4912
62829
14831
5863
14909
59947
17635
29134
27315
14113
10901
11055
6034
50775
12693
11989
19812
19829
11112
34581
3517
24463
9738
53911
14855
48888
25821
47865
13370
49902
63871
25060
51968
25804
9517
52799
57853
32157
30048
34322
19334
55056
7605
54471
40401
19970
27042
39440
45445
6106
6357
54799
43376
22574
44220
52507
1150
36440
45161
644
58400
50299
1069
62532
16808
4261
60575
60099
22305
34934
57733
57805
52612
54561
41001
19109
22178
6099
46982
37058
6012
27300
31177
36492
44288
20344
56738
35787
3786
54774
2840
7981
55804
61519
35346
48300
26392
57621
59720
56330
21663
63704
49100
11125
26696
15649
35966
51781
61622
26780
16893
55724
44163
8089
12913
8751
8413
33111
33032
164
29566
12722
39266
18214
7948
30167
47021
51873
13168
8013
25077
55520
38125
46300
64528
3827
62509
13893
39714
298
58483
51007
29287
35315
52261
62184
19850
33070
28096
659
28213
63666
49193
64021
21636
56548
37192
32504
45421
47065
53282
62532
4615
12505
24376
19908
61255
29952
39545
1342
2840
59447
44765
25168
57497
13843
13623
41029
42491
57887
14960
30084
45517
11077
52958
31718
50371
39446
24127
61396
14083
37611
15371
59716
35010
5526
7455
26323
303
18347
23667
19883
38970
63825
26876
18890
17104
2936
40635
5675
856
31863
63986
18514
5029
64870
51265
10464
27438
49550
43162
55429
13617
59423
7637
41578
53893
64591
31397
57676
511
24613
21454
33474
9038
2218
64554
50385
39235
2232
1766
39734
23402
21561
19918
43308
46136
25230
20153
10632
50451
22173
8937
62323
8897
29680
12017
58547
12547
20411
61104
6769
64200
2579
57631
19682
18525
7848
5302
23109
41568
61400
46758
52552
28669
62671
62636
33453
17827
46687
13650
43678
8878
12049
1846
33899
55101
17238
52492
51505
32867
5728
49345
16687
42521
39988
23590
48086
13345
17694
35057
65413
17247
65137
36569
47972
2180
31041
36404
62494
42143
49957
65491
22202
43032
43617
49289
44108
37462
25618
7491
13979
1598
36394
62255
1208
13180
4216
38722
52914
44060
46416
22720
45974
10357
57458
47289
18430
35434
62724
22236
199
59178
6928
42842
47394
49326
6326
42719
59530
37015
25872
59958
32393
56839
6278
10479
15068
5554
4045
56068
52223
2588
52543
30552
17596
30718
44741
49880
34143
7452
31355
40067
25999
27829
7245
24472
22634
35639
2190
1717
49640
36349
9647
15528
3299
21276
56343
36461
64634
63947
55691
55068
13828
27288
40759
24915
33172
20272
28837
53881
58622
44821
44327
50440
30814
55102
26555
24764
25729
53788
14812
13270
9149
30748
9966
45099
5305
27724
48058
33288
2658
38634
17107
42024
42421
2537
2411
930
34144
59553
9499
32984
4486
30102
391
8720
60374
2579
43978
24396
23061
34700
18790
206
31628
20916
26469
6954
61055
62801
36795
12229
47814
29584
32452
18734
38878
5565
42917
9430
8978
47656
20257
36680
23053
20511
50578
7263
57635
62187
871
56848
20445
36611
4825
45497
28486
3116
49643
45858
6069
8636
25010
26822
11623
2518
46106
3391
3429
28141
6547
14952
5448
49108
11036
13606
17416
28507
59731
44509
4498
25077
26605
33136
60378
10932
24693
49627
46895
45382
27469
49444
306
50354
59067
31044
35982
47021
45362
42704
18656
26041
28325
62102
56212
52772
62115
48077
11581
36901
18443
46273
51431
36061
41607
58892
24362
26740
62476
40791
21309
7891
45623
29789
1444
22711
782
39870
25438
20505
34106
46827
48653
32408
30658
62289
2540
50613
32435
17029
254
38834
38374
67
4455
60278
39763
18291
35386
58516
44477
29172
62099
30564
59646
4956
52217
36474
288
45545
9915
28507
16642
24283
20952
31081
57803
49420
49151
43764
7471
59921
37765
27380
38781
914
19163
4900
16966
60159
48096
15633
60806
45944
24945
59087
33063
16178
3983
24023
54316
6357
13252
21269
53449
38958
9304
11687
5961
49328
65039
32049
53731
61155
36310
29600
24154
11342
51786
34983
8269
28531
33362
46616
41703
58272
42527
28780
19918
20185
59417
53013
44026
55647
59846
25077
32217
36937
4136
19693
52348
11808
56757
34525
33988
49533
31767
14714
46912
10237
59967
28048
42617
32371
18703
10043
53463
12367
20307
3396
49945
392
56294
45878
6265
1915
7874
35976
56440
39657
9980
61381
46722
10033
58804
22972
59597
24841
51520
61812
32996
1816
43038
56057
61964
40212
30940
16013
33454
33341
32774
46775
9684
25690
48653
18052
48808
5284
18799
18092
27517
30093
17910
36526
34774
3829
6278
3511
49255
52865
50467
44294
26978
59057
48689
5881
37688
57187
2822
44821
57242
35885
51016
36906
17674
35646
63194
2063
27344
14543
26391
7479
47105
25254
50729
5187
30150
2856
2161
47990
294
3194
25780
39336
46195
32234
7927
63788
41964
17198
10180
728
50335
46208
34841
3890
29560
31087
54634
59919
51314
57112
12942
9529
40847
36992
11414
11170
31909
32510
21509
28540
21822
33827
4116
38509
11671
35442
27715
60494
48908
34334
41453
24776
42171
51128