5615177132314422633773357162745162431525676654244
3267264525243146732426452751117735114367736135564
5567677424317316341375132412513142672235447665562
1244222777766333252764114517362555561153634761434
1237746355635527711264543264277234316156542714613
7333517612323765574675366421224576154612423741541
1572362745245613347132362476322511366541445775671
7631122413757731512747215564243665335734642625416
3672376732113341242644365621775552267547341416515
4451724641542135777256733362665223215476151164337
5471521771336733317447245165341567564223142626265
5257456331744217563263343324255762414167576121716
2655345537631275461431227772314621734464231557166
4745335623417162157354717246267625644133361525172
1572775326154752631632552441121743376146346423675
3732412125634676135452366422675271134436541155777
6174577657144612222721334776213532656415335415643
7764175544417375612325526542317265366113146234723
4414132771517233564527525366573743162163726526441
4647536226725643223371113447514751374571663552261
3525623643121717252234616411477526354451767354763
6616213725131636457337557431722173652525474461244
4172233426175536231465115523617126547747745634326
3417271525436376575756427251644113422643362375161
5764443316732725333264224111172457215351756766465
5774142643325315611412643262275776336677145525134
6245434325133617115127637244322374617254756755661
6713676613515725246345132425425257467763234114173
1637537356545741611226464356374256413375242271172
1262642567731243637567721343215417561357432451456
7614542761211345744372242656734651733556231235617
7261111574343162374222573656536142362355467441775
3214452163462463576246755754335212573672711173164
1433465513677724276514451721621446326535733257621
4327331317432757162245125276424366615447567135156
1672667542537362372676524163514155717432513434124
4225467352216471371775145735532114166434367522366
5414413714415522716272726537365615476734531632326
7151275632372654741422666416734674134513522755313
5237612517561434241634242362527316731634565747571
1546373157362616445471423514225216725476657313372
2457551716432253222144663711473146753614662337755
3435331165732612714776512473655124224356572766414
6435656721331624416524277143141637567255715242373
2772533414621653513212712766361675145443472653754
2456215346724323135523747747135766656314272615411
1562153326524346564727511463773135214264775476213
1157421636224433525443612572136554717566641772373
1553441267572127354664726261733571723264315436451
1723617246735335155536164325176121772434524426476
1773541546473342256156257164621732567374422165313
3741546314476216577352524132276734617165256534321
1325275677476271512353254666412374131755234641346
3262756345612573612475767365567132211344114574243
7132256743465764121364366253351741212247575365174
4574727653675223121155162631627144453354327671463
1455464665325732162735114572214271747676215343633
1276376543545456171527742364163273153416351227264
7462313372325367564417766751154172426545325113624
7325643444526177767437112133315652251155726326446
1761123525164734364571153737247463255561627244236
5312116244375344663122571743625165475473236652771
5433222763415464166557741172154341622332376556717
6626133127752516174742747442315354321366352741565
3244142773221662551755134643717663744352516257361
5215137416622325574362454751151473637627464723316
1231336775127654312612677543172763612445445625543
4564211557174733725766321662671647213453345252413
7142271537473464624232375613457565112673635141625
1142233265151463432554716762564747575433627731621
7654412653437135153672662154123174742635462352771
7523537653351516246637121123442746613742254756417
1663425633675717513236436215475523761714524721244
3467616623545373157274242363553217271117462564451
5443243452635645135764725325373126712626471771116
3324454171666635414475173721654631753256175322227
4564323277377712511654212756656411426455323174363
6662345154745271212642626462735314517357733734511
5121676572223121446353743423557725661367476131544
5671525273637625335144162742416135143737265614724
1374536125664147476221424651651645123373537532772
7434123746642577736767161563541331356442152125522
2446265157751172641573276331636214276437354155423
7512422534766337673162356465267145513474513421721
1631237656726742222555146143573213331576441474576
1423262344517416212264715535625467565773161374373
7476321537367712742145365142565351441162537662243
1463713331356446417274315576634762562425715222571
5513163725733621447625645227414311364726537562147
2217365652131257577177454463544631434732122666153
4225367254353164217213713352253457616711547647646
7315654734336425453321761151276465252143226177467
5526131526761271217744763535144353665432734267214
5323115357536124642752445472753261636771447361126
4456741246423537211633341265737475365525262177161
3472343122455716174771172427556445563613626353621
1156762646252567625343612537432374574415137314127
4361631552426146631776726727545543755123143314227
6274347341674413327655322112356726156171235547546
5525131614457124442762523673133345662124763757716
6127114547467554235322735541266461533312342716767
1623417167737545545163326125754432664724516233271
1226616156156152733766232544343377577455112434427
3556217234571124243666173417172437225455135663764
6217231266664324427152427331531435747375651515764
4364632536753117142477423355171466627532741561522
5721365626147334425154247171217655243561323746673
6463571716556756776132423412372135121324453746452
3753344655352624712632326675214145763671211145477
4333555576725343276725362231767441146154111242667
5312314237615647476364342517224716225463165153577
6565153213631244445373176276142222741667473315755
4253431641152532757366656276376445221714723741315
4213563445731711652345777413251127675236362462654
1613562647774245413352236511247435735666727123514
4522362735216771174741512413636513576425324364657
5154776323515446376324262573452571674163741221631
7473641271426534515433271451361754362216776223556
4512567533464441126535673253771457631722164226713
1274254573422613514674366565136362257217317541374
1142673361253513675227746273265744365417351546421
4144446622446172526335631771261162535727357735315
4525356721416262154163377352334127145666724147753
5637267475761516322374634126123132551754143644527
3613611213454237555366762416345422577215163774247
3551614257322776164155752266461313173627734423454
5165736643211725237375616344255763444125211623477
1733142656266734515245174341512146635236274727753
1237426225544761327343247511471371531266536456765
2735264161432357716751216144436546257253537124376
4126576453722242147357412613331652651777336441565
2541635541417176176327332122543426471326763655457
5125732721547644213362437671117631643256754425635
1261577363324247343655172542173216146457312655746
3773763763567114666175531253634174222415451242254
5213335714773641426364247563124566355117264727512
4564152466347762323777215575542344336312511166712
3211666323227651147337552467572141745453432651764
1255544742165377626441264376317152537573323466121
3416526141743642314523775751764317351227625626354
3567247626762317271314514325533655647362171512444
4343625212747147666755736454516267121213547513332
7323145425376716215766752477311456254236164415332
7156263217541377573363562465632271247541324415461
6634634673241215172525157724632464517133625174573
5172265375722726173146211554364646376143257343154
1147167752341167445775745264423532216361336223556
5227714154632615333535767614566437477425226131214
4132337346772561764645212734156352253566141727451
7475253573611253661627117122253344363765544644271
6731631271365575512426647222336757451433444627115
6153443761321646766156512277255424323413572143757
5763214644224764265551737133525163612341274167375
2563452554161724144361721375233622665574614377173
2471466267642315474377437115365566375412231215235
5246756714327322134736316542553114461345776622751
4367526675753141271375741232221147342456663143565
6154366555263647433741751611367357431212224727254
7766523377754643216141314723215235414615523546672
2262362474626231573166357753621354574175741134541
4466626731247555771457215324413377654131335126622
4242364341377225513577375564412132142557766616316
7612563674244717132551355222123336473565467644711
6467132233145621647512412632577312444355773515766
7634242614745652273155371733562262174637454516113
3772544245217722355242556611374371673136651361464
7145561324421367265336724647453514136215257132767
7445766626773511621335234176215423541435142677325
7131353416277537265142326571464624536652321445771
2466132717533243426131516376154542465137577542762
2414677122156345463566135724162445172777133532365
5274165634312317244772511626721454764551233365637
3442166367623171775625741513152334426451277365425
1713471272766153324744572756124546613563253512436
7216574231736345567361225233167245412146645757314
6422711266773274515613457333574155623412367614452
6374641717726566413454321551365267224221714733553
6526622741637712642451635724553431143347127553671
1342623651353646617575475164112742435727335712462
6242455715733516137526623672756364214123541714347
3411754754661456421277635653261313623174225237457
6721263417563227163351615754564325244421467351737
3544124172775762716414553365723653273456114236162
6556751745721712444237164735543216431632317622653
4354432325166677554325341371164246752213717125766
5347322763614743612156215414615376233465212775574
1647233632674615414415672265353521374745317156722
3654123332574221256666324714576367551171271744354
3314727146171425467356163443372254165622537557621
6562265213671241726631447733267545344753253171514
3335243565721717466544776516174221324613251345627
1351143362521775575376146231725632446341752664724
6115243756437626112571715472223447533543657426631
3663512754711622723427754253623463631141747155465
4235424637421246112635136342615145677357275767315
6571744662242411575423521216337373561615672453734
1762161624245643365764741372134152737553525364271
2143426712211235565364455677454731162671733237654
6177443762324651414171533437225516517335762564226
7127365361514217344233741276654573254262636511754
6143344631116721764534156723217565737564723452252
1514647347415357167533655736232414127222514266763
5353666537214434714521743761777152544522136213662
5223662343175543776627117237541267125436511645443
4324715643321611617624726511757323567473622544535
3626127547327546645563411424213215526737735746131
7426321524746536321664575325743317415112267416753
5234173163773215541573252614565626676347147123244
2317433155117735745675714662226256642113344572436
4346274261352763124232156527574165656734511173374
4463623437276617673516124741425746231553532151257
5654731116425276316262265314534764337447721515372
7755353514166421464753353126244673572227124317616
1231253354613676546616157742446514775312323472572
3716755261513617765564622773534142233154324764421
3352245436165561657376172753243357144127442667211
7712652646721313444671372643265553621527453715341
3551354271257232443636164551212377666151762773444
6563615274633635314721731266714272724473524114555
4613752751637177534543213425345616122572134674266
6622152765713263133247746424463563515747714513251
7144673421236156513275427356767561412435752143632
5535664773637332672147412541721562561444236112375
7422764415673163526354271755461313212673534154627
6126451457722245611747365213643645473571272336153
5724634617323517532412356461312751446162677753452
3574322774671116344265217454215133655663426213775
5772647532521121745121466547662531674323456373431
6325227417445523213447517137234654613371755266661
6432351473111762576553312742765364424721145267356
6326251215114176337653453166227644322741573747455
5775271416725113315313743374655661463242672426542
7652143437372115566711372372443542662425136475516
4543612767271155763433672326471223447525351151664
5152636426476552513136764313714154577434627172232
2537431336631477212226726441533727655645145175614
1315776677136435555624172333625166114234225724474
7554414535364171736266225265712531114337423266774
4235365261433653655711717617461212262577274344453
4226567244637277635113431656747262524137355311415
4511737332474256563716744521362647257651456313122
1425674343572651141277635247156123246337245316675
1575631475632211415334665572474561737332122467642
4754223226676151622454277316553331141375371645647
4125714527664213315661751524465723442617673353732
1373254176764414733252423576621623767145455161523
5155751532716162251464677242336334474272653173641
6265135174154462157747161273354632332574166227354
1361375143377435561471216462657623272243645145527
2747613516261257331644122255512353347576477416436
4637127144531371731724523266423677554556216523461
1165262623737445377745637441143142251625356713562
1471453421162662153672646157773251655322457374343
6554457316717714175426712225642711626345333642335
3371212552445377146424156654771533321127466766352
2313532215344567315776365357472744116162614267524
2146376463347712632341655115574263571521653277442
1731417515776666334624247361251237536524721524534
4277353117221144625753735614677165645431236234652
1343554737512242523566731676751361732141456247624
6143257663725621641415737224171331235754276546345
6155431155443352142436644713727676776527236122531
3722124231755412175632366342417564661437347555761
5262435526371631132354472525773516126736446117474
5477143146615635362367661372242325455172721315447
7776143325474352421252452651343645133671166767215
2312612714446471665317543155642736653732275752341
6733352342712564451146735244324116177755636221765
5173262714751316625222643535777343651644471246135
5771454332726661134664522345745722561377523161143
1522651411764357634674676371554267234533122732154
5771542433167546526272222447313566346514615713371
2763526355175216455342723511161231764767443246374
5257561734124367172634625443346357672271125161345
2751174545764773345647135356263616214312312752426
3211575346617572252644361346674415114323572726573
6613742572371662245276376123724451135411557643534
2461647556267761733215224611654277433431355142753
6653741512634677563271152574751746213521344346322
4321746374637375111675555623456742361215231274264
4357765136625561347435741454161352767673412222213
3263346315653544261662641751171345214257777327524
3532154665654161271531247224172154763342537776634
4174542751563125734637267132113175565626472432364
5477353614212466127631467312125432615445357737652
1712613746421636257361734442715432551556643757223
3174114671133524637267711233755452526265566743424
4377252221114673367154323155351567643741265467426
5413216372246675461736557374723162141152732354465
6657215336523711214134457462644743627771255123653
1242574235676222463717344663314351516275176345175
6664773763521575476344675624511231247513235241213
4742312375423561776163573541542712254625661346173
6772471262154413726113652435715537744135224636356
2777353741312167653657654543421466254121435317622
2115626527125762775344737645465143411343616253237
1257573225157444753757256164363222661743316634411
3245563327747315146363421571427615246627115725643
1237337734536262647163224113172464255775146554165
7244123636564232776661516413527125441327735417355
1157444275133656371727453513762164642746322213655
6541634265147757611527636131217556252342437447332
6532761261233215117522457343566234444577417763615
3167632276435446642421415371725753553651263747121
5142617436614627473573615327275264553671352142314
5216366272567123513441472656534437273112413574756
1647172672271135234474236634532275336475551616145
5126232643627161754525675363271473544147273156341
1561157331447357361422526345764264715532722136746
4735676565625734732135721434532417213214466125671
1252744365477514634732651433645665511727122723136
2241416231125234376345677351541721264736565754376
7342214517645172455276123636355463746121374136572
6377152352431117422354676435564477676652343112251
5713531176446127653646214477623723354131547526522
6736332546176171553174323522724426165451271647543
3775264644465364235561641527271213724123517363517
6411316642642567523355745771473255176227263411433
6351362241747762175262466573153431643251243147755
4356751537266276267123231657315464745741134142352
1666361574257261321376242751123125336347575447454
6253152117435766262652564752377643444373143517211
4526774324676646255312115533342211734513651276747
7547561127545566431623513316474712227216473564332
4763624671224716764536354141543115263273523755217
7332776116612356455244413732156251276247334175465
5427155341271236766165624745631134124732753742365
1246671735121737564157461245244535234657336317226
6232317651351112677166562344242267543154753445377
6631177536226533462761733132457754154212624474515
4151122461465361647327273653174575672543224135367
3335145221512562361374266551427344777646677342511
3154236112663614214554731722534373621765462574757
2227531112373345366247572156465334721746456175641
4721571432617362523365275577451615644241364721363
4553637755411536446423615162213372512434677677221
4212722553456765641711234714163327125567354736634
2144551335265523124764643336161777362457721142576
1734141771623767751354134326521465564262623755432
1153466154454627251361476624135436777352173522237
4116322476522712163521457365151345337627464776345
3254121427713652535544727112372576566314461676433
4671536526353374271672131451622653273744544527161
1724217572571443174634312525556123373464563626716
6416611173524656314247745723132525755331342427667
5652345124314757447226353147572672365113161623674
4164773311654564573223557175442226513137463667212
3425576424173236611573545251523662132137674674147
6351571213255324247527144667673424737563111263645
5422421626673443137642351217635137351625147645775
1473551147662637272252323367445771215355641646413
4712173341225465335444557642133277563712611666752
2734156413172157241447146642663521236672555335737
3375242242511627763416645341626741723143561555737
2535712416323542262715463371113774164653574627654
5226756716243331377366765424731471554412326151425
1575635326413253556471133227254442171264677346617
1531426715553637274743673745542466311212671462253
7717567525241462364222134536773456347145365132611
4171632325767243262714134147537665374511525324665
1762476724736434427151654132376623565115335224571
4465557421325261431146662412143521777735376326537
4362656731563123545257114337426541271667521374472
2132645661757427156321564231474341562345627377513
1376637564453413217163244547536274157715612252236
7571224326754127245163734656375111137654623446325
5144736716572626736246144312541772326524531557313
6317731575453437466621273237252455146145172416263
3141521312243662757757166432636756271457444525313
6465125774562317726644111764523233573752435431216
2774464216571526721143317541535736424735365236612
1763751442576731331457662656534122423376741525124
2173323725267114465264523546416375764511736724135
3777446215261672216753164171753325143434656324525
1615127762472153757523123545235664467634613134472
4751532437625216641774451721266753536231314452637
2537517347446665511623216453422173573367215627414
2323643151762554615117632644534261355772742316774
4727765316316343162274134126421575467145262535735
5317476453443717252362637134215254412576163667125
7233613667723356575641462347425415711152421753264
4711372746541651732551773116455422232526433466367
1266277456735171353314774613233546127224461546255
7136527214755615751232762143415362467464271635334
1417575137336232435617211754467252347156624562346
2115271376157446464223617747244562155332133653657
3631763224662774356731455442255362147715315471261
4611372347173627452344215712667175252544666513533
4321744256573365751322316217216757314417623546546
2357514643436511457734276361212214356756165372247
1565743611675237516347432625341242364775765221431
6526752747355427254534157333116671214732146416326
1244123567562372756332134111675345774664436155227
6325711365651564277126537712425143753263142447634
5731766165754536447523632424247472167115363122135
2754146453435726174545256252633163767321717114623
5354425512544251733733611677347225724316162674616
6316252177277155372734352631544544636316744561212
2354234626143177135272176357767216423364545541651
6431347156172414267237422411546756353352271637556
7433726527141312212574365614543615364771535467226
7163275242135161624753774616557242761543544313263
7644712351335775434664511215714273522232463656167
5417323651664622637447115516773453215476412732523
2121244576115413247656222765473543713635537463761
5341562257113752777124613136721656376344544352426
2241154762413623656524614533571365772735432177146
7426426221372444151765151443253363677756356173521
6664641632146532332471544125737271211757655425337
6455257166514253576427273341134537177166243622413
6147475354222247371315141146645336625517237635762
7415434563555561752167763323117247426612243142736
4537417533224274751176456523624731256234653611176
2213655734756346467127436137524726351543241615271
4775436155217657411767164225323633253426732145146
3156274437377245152664544657213656312714512332761
5457367436113233664475711622453452667122134725157
4411274527631562615356772476353341452534221761736
3315455121673625457632227541614627473634235411776
5467755737174567231413632562226465637332114244151
1124717424217373555121465276673647326253331454656
5732331262771575352555616424343117613244612674764
1454712755573316371356373326265177564612642442241
2673137331316754313552552447454751676274412612626
1226215552143542633147466627744115176334537637725
6565674436155761642251424776231275314153732274313
1562771557321324612433577426361527414656443135672
4126563626247351364737341271552427512136514647735
4632537457117234321543671627615325447655673164212
7117277452437356533465112162412655564763423473126
7242355551713424642347643674563627513637671512112
6526567714475213363524775374614247232653211431615
4673411363573132762615542572742457763426563415112
2313677716652531327127556661344643742742342141555
4532242247451233636652117475612376614145377376515
1771437625625667245444473356766121545253231332171
5147474751617425323672265631254253164752367334161
5725625723431762442321747657625131361361144553674
6254743631516144252277712675176365235424153461373
5272173642766274646751425463173575135313144516322
4614261447356233751735352217414421667776253563521
5634223474425651757643766717123243713621525651143
7157561351344526426315424662677421317135237453762
2335414417757564762557652622164374634631131351227
6465651377331237455631662721364327145471474152252
6624627345533431171174166725742356521762547135423
6765137324652673371155552415716427362244241347163
3373637261414632777766562421147451534623551122554
2372552115543771311335763614243667246246474625715
2761133772155272514416653264364123717573645562434
1517232537465725443165231371246356663112756477442
5736114733251272767613124354535611472653246547264
5144473771356511611276233763352675722414265253446
3373416221237475654275163274465116351566432124577
6162635531517625273347515122462174453764372437461
3655124756152344533617215147427665342272336747116
4177252463745256432361326334557516154361764172127
4611643471535374432527751765132367321276216456245
1177642322434465516324634775121643325673725567115
6627622624117371523134474617512475516233755635344
2444676753427325143425651271756674213136327615135
1323622336577556461645547141476527541132327724361
1575471224163244562634477351162657427137236165533
1174132247327513653614365567475126274642373545621
2246533431276626137754456653521312543761574712741
3364332235145352757744157116467617422641532612657
7141236375541153274521634416275377626527653142463
1356516147475761326336473112241264255256742374375
4227716425455653113376267577417634131642343526125
1527441352134767753637613417346135751265422522646
2614247334353616571365237532447571467152156227164
2441155545735536367736711762475136234422643711262
1456323676744713523126246512357355721354426417167
3752514312661644465676774732452732353115265274113
3454535732176624166722721533775134141516522664347
1177627413722356246117234575466431655326457332514
1513635737632514517372647431563651774246415242226
4462531242754743366354175316611222755312754761736
1473732365224421414674156634725171653725613325567
3617251336623744665553622416574377711374514241225
4317543346366253172172237667155121435767155462244
2517122565373747256561664115177336633452414742234
6266475531363471522361431132615275657272547441437
3615177557744234756424336215611423335125276661724
3661314176333252446512275257157647423346215546717
5311334624564541164633152216723637677455225724717
2471157544675363676715222415413435364536123177622
3466734225625717344741725764567365342213115113265
4716311474343774166165713475225665522246312733552
1765515447363161127352423636316344257675227744521
6423121221567373314115553267273741467456265645347
3617413473435536241226656162174373471775255254162
2472144463775361313656735267744631542213517262551
4635541472251241176465333573262762643154617712375
6443117266643175513242153443537573156227177262645
4771311546643514726372357264431125357635262546271
3366153262536271265651277643412574771254531741443
3342745756771662235525141636357457647321141162243
1171526534245217347726311666456743514463732755232
1777171624537431555512673374241316523236264254466
7271671361633271724213174654532155445345734662256
7765622165574332121134637766141424674554531332527
7576654611123435677173124413627253725363214246455
6712322454532177212732465135631466754565741417633
5155663333174736225245332161677421472774521164465
5713254161145764743425763516273241612733565267342
2652112437444166756334131437153545275721727563662
7537632452165443515213371142465462713677462761352
1715136266421272415444653567534332775364775613122
4125512231257471651633644763445313166525777642273
2123164131655623573263564474275271676553744247311
4223445617672571217745614121145736225367653563433
4672577731552326737342256667155243114334614251416
1414725735412567623317655542434521672761237366341
2471563527266667555573315472137741321613644441232
5516245353743365777146417621466522615211234334772
2471725413354767442573234267216346113651562513756
3575613444623653322433625761517211125764425767147
6153424674714761422215122352713735357515633676464
3356122472716741134465437161366562733155447222575
5454135164717676655312277612267273413351342434562
6342523456634527357447145262612371417625671313715
2254325173361372431524572776656313166716424554174
5653155274263412614542746374731277134736632151652
5111162565215172437574736342237435664624473356712
7643734325537646623354741256315122561771241675142
2763144632624257116124375454235316637157627345751
3562354345662211744522156357173671131742723675644
1753163425752713212447457634725421346312136657665
2664542341227751677313466155217551437273656413243
7531475372277154333534426154154126661246571263726
5152125115561447774261334667225632476433673451327
6253133431225551425723416467472764154317627563176
4233573731356462424247236376467517121161455125675
4632425517124621133476554751467625771634537313622
3451136161767621547342423212576373646554277143552
6523161233653767652731454421712244136657124477553
1413656376243731446153621257476473555245672131227
3327772143467561515412272566145733266563434127541
1511663217154677356144653236472322453772731655424
1656522277324414411361456327217657136343555264377
6371211113177334276243672252673462154575635645544
7256552414663621423773137255341172761364557441362
6351212557271313765646442464745741312535672133276
4174233267151532447647256175236766553151723642314
5154166565655214434313737131667217347774622522234
7421221635441624334557731776415252152365617363746
7726532262351126636173755455446477321313171462544
6232575472345432456411315172766475431773613166522
4562414264151555364217667456323776232475123373711
5712164432557356526472671461131352667332447143572
4125475113536357446346375762111212634327574726256
4172353472456765112411346721635266744533225653771
6736352135677122621654124431343441266577547273551
4664437532771557326541116422771751343641252663253
3762747536524764126537243233514572451214367561161
3265467516441777354526551241124713527427366633321
2154211563762742756531363677167347454214221536345
1432224161346132554662511555766377343425234167777
5327261736353746134645767255212571446471224315613
3326626355431421116727427356441546531677517223574
4671513625246672236557512215443567734213113737644
5641567673241674717346321225761523354413563154227
3113755123452616572114724765474625363426237457361
4631226676264536471131441772752737534132545612535
6241214163676152463417127312727563555434673742355
2262166257615612554243776734356543113417324374715
5336235716442127561526327443411732746452656717135
2553154167664471737544267123657112263223756351434
1157523574356136621643412277647535213267643442517
6772417467521273246471167143535215653564223361435
1652554757137375261613644422476326321745143273561
2422447571361711146154562733764353642572756533621
5477635253615256625476334137273114162172445763124
6147513611431253365142372534164552742376674257672
5255245573463332623671441477676672411416155133722
5461441671162733714546452351225147257752326333766
3747663261135271765425165226136232754544534771143
3342325273567161127176741534374513565642427261645
5131425472256457764527216313643215247176336467135
6416342535475436634161522652763771721322743714155
5654664732762521625317775274431115633416745332241
6542154462633633775335611724511722747225163145476
4627263263775264332653731145551176621237517544441
7312562615453634142413172564432167757613672452753
3244554423467217363567222655374113316655112716477
3357263546124632675562713255634163124271541747417
4226231251746344547477153124537372516261133765656
5144417265675463754363537412722273532712316611654
6263531135731326547245112644357327417176242564765
5347636531454162557747275213361642126742512341763
7611534634256373472566233422461173521456755774211
5414423165521333677622657544317617251364647123725
6174471533166756744625551172142523643157363342272
7361143562626464447752123517515753672372451314263
2542436145264775476164166137231232363714155357572
1755346767631215453554372226524141672416323631774
3121426757355434446716127664412532216353357576127
1276736444432663551556325161421374572627245713173
6721551554712233372647431372162465713146565362744
4267751356315516447443631677271522334122646517235
7167525151234331616437442773254621376144626555732
7553343117375256121467212167447614344265576232536
2637576167712354112443363467453454553167612722521
3512462725552611413236674545462531376142617747733
5631424772546471567336715325347423722362611655141
5432216162141343277624664557726115273345337475615
1766254353753126243727162515643512436747261447351
5476225724735621753113334352246256157364714646171
3216124163331425623732164735762126451767544757545
2751164255353651436547726763132332151247246744617
1362635431162153463717247423541747625564762173525
3754246533172513656717562567543236214241361147427
2556572473565464147621513317243226745164273316173
5525363517332665744532176212647312467716321714454
4631551545641672765763724232146731546132142357237
3561576257327451537214224652113453376646742736411
6134124366677715215346333651123544652475225714277
4671563245336645312257546154733772426612173542171
1114331264132724265365321477173467267546557356254
6161266514335425333467641371547221527524765374217
6247646155754434657722115627674533261313243112375
1456774675743637117512464153316325433642722221655
7255422656764216137341173127447655624342153671533
7416422134557544723324352166175646275251771661333
2513765361654726572247465311314274551632467312734
1151673346734472253755715176222266342344156436175
1433356567264172764267325423214754615175512671433
6472641347451676535564361132231512377253217544267
1244636543432653712134567514375266347225211771675
2226677236167335752621561463111747144434535734525
5327166144365246151272765413457213447652152376373
7513412235661543765424716474126715353573422231676
4633546516371613442717577466226531573417132522452
3277175563414266226344424312565167613215157353477
5216762733432362356655276541115714443231571477426
3762314346612441551711672623154242773633655575427
4427576335142223357354124526774157171631263154666
1465613276322542123676725437714653145374611535247
3152353165673547635143477127162455261374624426217
1721722261173473436371424257664533516357565561442
2251634674141214326113655775434625277453367621537
6516127136313272377653712645414274644513735654252
6523153725126156274364577742331415741152436237466
2217135545317437242175761323656447366413566721542
1657614112716325753244745451271337242532656367346
6644213471352561421211345462647751657633727735253
6345241242563477762674153663131721154722657354531
7642176563566173675451524435214227141341327275336
3442213355465773162371116745414513755223764626267
3247375372412661463515761134267617327213425546455
5327772667243723774656541143241644335561112556123
2643247536142242326571714164243715363165777355651
2633153642165575414226742141733773643126772415565
3156157262736375141155343775621417342423466452762
5275231476647721422747763134556563611415533216423
2346517643533675127111727453416425574656673232241
3732177253362166466264732352451675214543557174411
4751521643723613746276135555131443222427166734756
1461715254457651472323163762536776534627513441232
6153665427252245671453132743243773614152765113746
6457445424665327532341652413573266372711131727561
3416355611664755755743125274212472374712216364336
1767655417265337642441641752325343716223315165724
5757532352276133664442416162164172557313425617473
4363541155523217441615654245732342633726121776677
3676436352725162175224756243444315117175127663534
3357564236526714142335125567227763365117711424644
1267732116465452556627773534213671244315512674334
3475331512174564273316144277522671461543236552766
2751733212126322342511614763766677455314435456457
2453327725762313255434443674736511262675616411517
4727426547367435171462126421335317553562541173662
7151764223665574341366311114452723427332247755566
5463125357764713245634122735276634125164127764351
1561775236146337761267124422452415372167554334563
6345447661144236142532126157772155377632213365547
4637626515165424713233351165476742371577442125236
7175132742254366313165427462572345361761531754642
5241417563143142642566737711235733622525364675174
6125675731346127623232544315274761334167462155754
7252126162444635157227731231563734156644571537364
6142527265472633147233123576764251635147374565114
2143251461576226167531244365561737357453723412674
6562141577627173322313432746534421661465571355427
3411744215513615225742334534256276137421775667636
4353762131346312366746557227152414312447757215656
2727322677143652563364316734257155641115374414526
5643673275576225616471311171464234553221374453672
3572771277562416166524145631224753523673431514463
6357421217133526332555771644435762177216342546641
7441275624365254626273257343127145746153561317613
4723124716162736556347474622623531571713455243165
4322533451737664775135645622312571176446427623511
2445231762766134436553731617453752412147232665571
2612146311577373132476734762126522513446735644555
7541714655622634317173357322435113254466417226576
1566646326163275544113222557713141335272473456747
5633264644475342757155511333342727212712616416756
5567572611637441376135534253743724215271426216643
7611277624421533476567131742454256565643253117332
6743741363124245631276233655657121156717345224754
3716125372477472245125675662354517564311332634461
3736742142431667771223217446451521347655653652351
3654336346261736214444242136775757115562721351725
2525116127671126463446235434237736567752514437513
6217141647763436117233177445665734525632212425553
5174213227421375662716215375574734344666123316455
6577551737416272675151346543464426431522311362372
2352671151473375316664512465274767224415615733342
1364671753757214632162431354226177513465247564532
7726244766425663751165742311577532314215133345462
4452536312357372346471572664655133244715627611217
1762767617214143227545212346535635647147534313256
6654411264252525466177367775146323141223753374135
3562542564142716317132167117575476632725443435236
4631217564423367562731621254271537673421535176445
5151747417446623414251225536527136562233734737661
2662476347176573341254625732172134526451417153356
2433653247574372254116646511573334646511276571722
5261337471651452465256216273134677344317642371525
5517352222624543671343617317162745176443636174525
3245656243171755762762426354331275114316425476317
2123735547566264771345662514422534347116173752361
7532347715571554671746311314762226543362656421243
6623157716257316456227212734435413472364514615735
3253635461144637754117215574312756422656432772361
1624373721256624357766223435454146517237174311655
1153243251111244467776256767455342532337423651766
5327724634372255717365135772344416514126656214613
1512416414573275235535626262744773376211467335146
5214627653754657347162737424533125462171463362151
1647573274523253524361763557366441341266542717112
4764252526745532677726131644414532156513131737623
1623421313656525633246765157477171641752434225374
7321152152241174475525333761346562726716644433675
6615621525147253134415775477465636472212713233436
2274327335727175726123652454511163454736141665346
3157652442621431776263651627755564135341317427342
2755516121231456157472673322336274367447351646451
4237316237234521317467626537255155766444243761115
2674736553317656415155523422634711241247726164337
7427154735731243115672324657656153632721541446263
6161227735224366415132134571357217373465674442655
4141277731157765666332565373425226514762314514342
3324756124257415341356473777216623345765615221164
6137127527337742223415347646456315755612561236144
6743337231511656472244772716646122176352413555435
4273574127755324473312127652425573411361456666613
7774442361562761674515133472656142527333145625132
5443432462233755676531456711725572116163717344622
3456423366667237122355425661417577217715434143512
2657376265664563631412211434575372577724214131543
2765421624332726432511317713146415536257763657445
3413231651577362214344275542673571366422576674511
2156556357124612334167355142476134345137426267727
6147712446225731134762354171364256312545273736556
6246461324176153627321517452765214137573625334475
4546451623674325737251677625345576642113311317242
6533435613573513576277626414242144547273262615171
6327534711126674222663576315735431534744561751422
3622715261745542544516325174733642312536176467731
5273161221766315713262644267473444723551561753543
4725174575145167233721537421251163234476436662563
7526553124726363632152434355135714427126774716164
1722117133525145374723445615361347566635242627647
7361322117661532233737416753525757644456442165241
7543762652632177526341523771425274341345416135166
3343261473116136471262255567745646153422752741375
7245154772355311765654117132233462664447156323276
2311643566163745765452521776422332715671547344213
7525423753241213367176614661735253724115636527444
1325515764432314213126447242564576757533661736721
4564353214716737715626225126425675163454174713323
7223673613327743135165775615126352524116254444746
3127456147126256434655776321325723651543462174137
2356755655435745324412132476243371362721676146117
2677637424473221455356175446151341375166122733256
6427573254135366126653164752714441276135723214753
6241174241775741637342537753651324416213326526556
2412144427327443537525415655231663717356166327176
2673314161743256563172372214523764716274554455136
6375314441573363162742524721332645411575256766217
2431176761433531612365425765544552727436132247761
5617463132425122117547456275345571643263374726316
5744513266317512772237421363251673471543654642651
7323437132616764654211134266756175753542125573442
1734743175617545562663372451322421634512614773625
3521417676211212477543373665523474516266572414533
5254351277711322427766353365241154766432517416463
4631664331246537741257764512562123125477725643513
2116717431262351563674623467561227741435435352547
7215764417546442375136172675533462675213623152143
5737766143227132455366216617134526447722533145514
3464174522751142151326531256561233776577367326444
7455427443646413726351531141362621566227715375237
1376447144254276235765161526665144321353317257372
3743247627365411412315556563727426146617274133552
5152314363243647124611275257367276744215616353745
1122754316613154733122775672743762421356466545435
7425637211341351737454266545632167234642211753765
4351665342361646232735151627774715472241336575214
4171154342356175617673662224771153345347254262653
1421754251676765363351716474445731322742256513362
5365755541264714124315473766415322432321676612773
1413373667627414153224562124343117226567753575465
4137142442521526376551433635526377732666451271174
3275264634224537527376334557727516416121514136461
7145243244713213624143571756263335217157646625675
3625642525763312677245114624174454677153115332763
7447412571253775331523264456754263612345631716261
3512776237525356631511723144677463261425524447163
1723154765563133451277246441235361774235666527421
4623442217465553374514721352325316715616327466177
4267212577217654627453364451433162131653146775523
6337376545135741246531677164425764253214167123225
6353371246415252734126342426664763723551511177754
3215435316156126227474651163332214374277476476555
2444513772332225571365166664163554147751123473627
4746647673343257251621344516173375264272156152351
4341372221173134632455232361455764567765567671142
2265117262155447516176433113447373676242265534573
5422525274331261275171164453635665376144362471737
7357767125474225355616346633141247113561627242453
5365715142767126634515634424713413322357265747126
3444624453534372123466712615716571123375167652725
7147476522543751676154733265413734153651262126342
6312661256477771716245262275351353444314341765235
3577332561646175346671362157254247431247411535226
5222421715566347742333461115666743351577634174522
6737542241522671611513135523143746462346257534677
7521161453256324521522711437746573353727663441646
7743226331731256742412574267163515356256414651437
2715422775616342372267361274351514533446756161534
4657562172111516766433524432731324275716234575346
3266532623113546211741374375752767647245512414635
7353172431317443227566716455431251725526446263617
5672353223143551676156577432612414442662373771514
5464257576731766676244351154322233351572612471413
3436577472752113634526264734763515226571653114421
2256765633164747377211432571222365647411345531546
7244671561363647323762337415247172255451615621354
7744473361166152511321627565272363542154734254763
5371713721647633657443451346766531522226572451421
5114337617515322221343564741757635156326226444767
5316764725331123242165242513536427717474656617435
5617456372512527464147264617614232713136734555233
5267736144577426567255111461316234145275333347226
6122764546145736546132373475113534745772122312566
2374263415661574637726627147212354551521453134736
5243657443542716124147361115317223275257367463656
5221271432244526331435177651616457562346654377371
4513614434172472135426653321536362425715676271775
6547431642714615156123631757332672526313744524725
7131276744715241756522361671653423557663234432541
6675326163542325747171251741454523156674271632433
2125435337655611717514265273761421426263446375734
5671632123164734157262341545532574247752146671363
6446242476535267165142665143231724552715371377133
3276771651537575445622551461326341446261243271337
6441372543711645522336741652552663141672523471773
5322213246776636645642317533752435415475111167742
7665671217315423435737213426214563647421525754316
6435447417255653363725673173251216426764117425321
7653431543437622314665427161611223767557532125474
7163123247367561232676354422455174521647715314356
5255363677446717641331125232174214665134254677253
1257457642461617152243671424373175365655746213233
7226655671324272417712435513463146576643751213435
2126247717616243354415225125546456577333661373147
7251373222653531366144252776646361773441725451514
6756717515544156277356716231421363224216237433454
1254615263367662235737421645277477124311355454613
2123317271475547152445636431215635165773746636422
5321344567113445722765173563164316763451725627422
6237645226536131511731477533524631212424547456767
6174512727555273254613511227663362414644733315746
4714165332251671426451246752337775136532267153644
4452217116271272351677625537314236443615366434755
3135676471755152471264473744613232422565613617523
5314672111172736252527646247643637511652453543374
2416514221335645417746662641213376575574372125373
7442645757373636127572132144523214461556331162756
4566534665125577331237342122476761615314231747425
2714252762721575451667326634334415673275536413411
1756351167276431465432315677572736214424345122356
6214332257737115242245635763674145361642175163457
5766217353466235211361542571723463767154437125244
2617623451561424146743727311655542612765334373527
6341155412642271627742161543573343574325772165366
1454556347412751671373246223662723345671711536254
6436421155776572415335436522562341227461371643717
4435357352274121653364633214564746721115762717256
3712427162333556232134624571164152646763154754757
4525266723451414763711562253735435663774172143126
4766251377163554661422476724172715312335453154263
5122515711633132564272254437621464767337574145636
6467263724561766143712435744435251136151752572233
7571164132276457657456433631132724653211524427653
1461257425172213665113473165364627273343467755254
2436126517445623512255631371734776167264254331475
2116252177741353374465635625562472132147356741634
7144514133633261612642562467365774273552327417551
4775743376135612167724361313264162725425251453456
6762315556474153113222244635232161757743374617645
3556544511426413275361653716272771372652341246437
6263716472544326335157753116745234534612227765411
4421266631614442175541325573232552711733673566774
6743356271322524427121515133324564747676576134615
2754246535361462763572215743373541243521476176611
2727645121272511142573756275346664715334163346435
6416117465572323751767435471233525436442665212173
2761425561445453765312632144331773371626725472165
3576353167255421264257423111227654346671473751643
7256162137236374354777511156531262244412644336755
1273177557672424116622367424516546455332335117364
1351514473742775636613762142241556551244372672336
7353553146147143772276643125155641463276512267243
7661421177577524244123123656251423543556317646373
7646275252564553135411441315666232377163742771234
6156113147763545623663577421573742224345315617224
5724461415632213666553257671733354321614177257424
4315731715756464537662567326221517143635243214427
3617535763647653261127556315442253216474771441322
5217177233765522137556623716654617344316423454241
3665441531462355634126231234543727716771526157274
4535624627731712152125736145142775664632546733431
2625732243516756462451722574156176675131374334413
6117235322676514745574526413165643724724326753113
7316765374525117137513263425363265122674441442756
1112675445467566677411232264527415335233163773254
7225472565364123134116373574636156645274417235217
7362652361452756275251174673446113523723415413647
3252647511376451463415672347352771136622476134525
7425571247417316342642276637145142353657636531125
4726336641121623275675461342537571515541372432467
1423675544443517271546225613375324226367161576137
4325123712344541532761662567615543777265424613317
6753775114162415542612345167325724325136632734647
1732431377524225557115147661656316274243363742456
6275466475475111453517417237223611673665243452233
1143477257242646773645153211376562626237533445115
6267412535177143561556252623345763133721214644747
4421526334665764251777434121737514275525313666123
4355262451723437225111653632744176514663351747267
6741116547672541576444531653227431732522653621337
4634257335657662572636441753721316424174175315212
4671461464543361571272265571241315576247233763352
6255237147563472327641263631513524425471366757114
4471767173642725533331425637452616612315527421456
3765531442312562343116665674773114415356727247522
3746553465653361441752741256417231757673224216321
7417724536122646533416321724375657471456162321535
4631351136327734516767545451267632744632172425521
6366164734222254151413557452724733133657156762174
7712433627334275171222141666574631565321455637544
6744116345635627267731414755326245514673325722131
3363656242422141775774646151763455753224531217613
4734515622673143141636525442722515172633177453667
5346754732363142147267425455225612173164631767513
1421171566224535775664367243767244623255137511433
4446136742671127227512371443253123516656357734655
2215456374336573277563664363451222476142455171117
6277536447743514237251411753715462223663514662351
2555517621264312174753634765372613772443215364146
5241734263275347453713674641623651167257126451523
2165226526574251627334317441742617413566715533734
4236374764265515372173721714632746162345531654251
3625275522576363746763244553213114577741111366424
1622415554556137444216126477322467373361357562713
7715131563222137443621346765745464136146725725352
3654564142747772316421153217153336316222655745647
2522375654571323161416415753174176652327436342764
6643357512551627466371614522213357342741415723476
3571251522674167311314435672255743747622615634436
5747124711764557463417223665476553332632141261235
7235624763513162564125441334177462761327523764551
1564677245137415267263763547351563446512223143271
7153157162733776446762413365421322451415655473622
3734765451212453263612365443431565427726167275117
4532133167166522364317475467655437472564135271212
2276472114631512176536356474724517425353764316523
6715235566446241116627514351242353777241336735724
5537522467742654455443733146762111367632111237652
2732225141354357564511745136477262713636261645347
1666247715473317523776454221626356244555127433311
6154273671236113221231634454745267412765565347573
5665252134544226431712764567714516316734372352173
1742161167361743356456415377477242535346165225223
1564127575563242761147442612517464533536763321723
5117361447673724515152225535714763247643321466236
5734621571417167135375276646343225276324642553114
2572154512541577342536661644174572613124337676323
1655464437272423525655213127264171716436673337154
2416443771775635421645661612312372535435217432657
5253127241374334246175651146343536467662521572717
1344267752635743216247157311665755241342362431657
6441224267624176513523316541552744137316753375762
6324154262535217232365677427161463537711763554414
4572226713341352235717166426514451246167546735337