g:55 285 27 323 22 400 20 49 40 336 50 98 36 12 96 294
i:* 2 3 * * 7 * * 17 19 20 * * 42 48 *

g:70 52 196 17 53 234 35 114 150 29 276 41 31 264 50 78
i:3 3 * 6 6 7 * * * * 26 * 38 44 * *

g:35 150 41 77 297 17 133 38 52 352 26 360 66 42 264 18
i:* * * * 7 8 * 11 * * * * 30 * 33 *

g:116 18 56 24 10 90 20 60 33 16 100 19 23 25 17 70
i:1 * 2 3 4 * * * * * 14 * * * * *

g:60 23 13 6 12 112 17 48 22 18 105 30 26 7 19 9
i:* * 2 3 3 3 * 6 * 8 12 14 * 16 * 21

g:25 13 72 30 69 29 100 24 11 9 26 22 15 36 10 54
i:1 2 3 3 3 * * * * 9 10 12 18 20 * *

g:132 120 23 27 180 27 130 29 198 28 31 126 168 92 23 26
i:* * 6 * 9 9 10 * * * * * * * 22 *

g:10 12 25 99 45 20 16 28 64 20 15 14 8 36 11 16
i:* 2 * 3 5 5 5 5 * 8 9 * 11 11 14 18

g:12 13 26 17 40 42 18 30 35 13 45 70 30 17 14 15
i:* 2 3 * 4 5 6 * 7 7 * 10 10 13 * 15

g:27 198 126 37 102 29 132 25 180 144 28 23 210 37 160 41
i:* 5 6 6 6 * 9 11 16 * 18 * * * * *

g:144 30 24 180 21 176 26 140 28 27 160 98 33 182 27 200
i:* 7 8 8 10 * * 12 * 14 14 * 18 * * *
