645
365
733
754
333
289
825
258
527
753
439
379
268
755
749
785
666
551
727
417
775
539
541
459
428
214
362
427
738
798
272
243
275
842
558
341
635
853
754
816
438
261
796
296
679
741
447
738
948
324
668
332
671
447
626
481
129
966
272
569
848
455
939
641
582
496
493
991
685
187
962
839
376
751
797
826
673
817
323
364
915
272
424
772
329
981
296
413
488
749
588
592
755
487
321
981
134
738
539
265
946
785
668
644
266
582
619
354
357
355
947
678
889
981
265
488
931
595
299
943
463
835
577
484
456
319
931
741
232
738
266
135
249
852
383
225
441
379
439
296
563
894
778
894
315
281
573
792
361
173
324
692
642
565
876
257
171
249
697
916
146
486
349
997
992
169
776
555
839
921
549
374
727
312
439
639
542
717
582
541
432
295
924
284
713
711
534
564
611
761
132
113
419
137
468
211
973
616
775
426
197
743