57 38 55 49 53 17 70 58 39 12 60 31 7 18 48 33 28 29 35 42 46 14 15 73 62 22 2 4 45 32 47 10 1 61 64 54 13 23 34 8 20 65 43 5 36 72 69 51 37 71 41 3 68 25 59 11 24 44 9 52 26 16 30 66 50 40 6 75 67 27 19 56 63 74 21
36 73 45 68 34 17 50 24 52 21 12 4 38 56 25 13 62 15 3 32 28 53 43 64 19 46 49 1 69 29 41 71 8 35 27 42 11 58 55 51 72 75 14 37 26 61 9 59 16 65 7 30 40 54 63 2 70 74 57 44 10 22 66 60 18 6 20 31 48 67 23 33 39 5 47
8 2 48 53 47 39 16 12 11 22 63 1 21 62 60 7 69 19 61 27 28 52 13 33 9 26 67 74 65 20 15 64 43 68 10 71 3 4 50 75 45 31 58 41 42 6 5 17 18 23 57 25 49 73 34 14 37 66 38 72 54 35 59 46 32 30 51 29 36 44 55 56 24 40 70
31 42 75 13 32 20 7 4 49 15 24 44 59 60 14 51 73 72 36 30 39 62 10 5 16 63 3 68 41 8 46 35 26 61 45 67 52 34 6 66 48 33 37 53 54 65 74 18 11 50 25 12 9 71 69 40 29 56 43 28 55 57 23 17 38 1 21 22 64 47 70 58 2 19 27
37 44 74 8 22 30 65 45 52 1 34 4 20 42 16 2 68 60 48 55 67 70 47 14 5 31 33 28 49 18 13 36 46 35 73 19 59 12 29 23 17 62 41 63 32 53 21 3 25 10 40 38 50 9 61 66 58 71 24 6 39 26 51 56 69 64 43 57 54 27 75 7 72 15 11
59 38 17 48 19 70 55 32 61 52 5 74 18 66 50 36 56 15 42 54 26 47 69 43 44 29 37 62 41 21 11 46 14 27 2 8 57 20 60 53 10 73 23 49 24 33 40 65 35 4 31 16 63 9 25 22 39 51 1 71 58 64 3 67 68 7 12 28 6 72 30 13 75 34 45
70 64 53 23 56 46 65 39 21 62 73 57 30 19 41 28 9 14 75 15 35 26 4 43 20 71 17 34 2 32 37 25 18 12 1 27 40 47 74 5 48 31 16 51 50 3 24 72 52 44 69 10 36 66 7 61 58 22 55 60 63 29 68 33 6 11 8 49 42 38 59 67 54 13 45
44 66 3 8 9 49 25 48 12 72 34 30 5 17 19 63 51 43 55 23 31 4 27 18 70 58 13 1 69 2 42 26 39 74 32 22 75 33 7 59 35 28 36 54 10 21 41 57 20 40 46 47 24 73 65 68 50 52 11 67 16 64 71 60 45 6 29 14 37 53 62 15 61 38 56
70 1 39 74 62 27 48 7 18 20 57 40 63 36 75 56 10 35 53 5 42 30 51 41 17 46 58 2 60 22 3 6 16 59 47 19 13 29 66 52 4 12 25 26 45 8 11 44 61 31 71 50 69 14 67 15 24 28 68 34 33 32 72 43 9 73 23 49 64 65 21 54 38 55 37
51 68 8 21 32 53 31 74 58 4 60 15 11 2 64 69 20 30 59 9 52 71 67 46 63 6 54 10 5 12 38 47 45 50 73 17 14 70 66 75 18 56 49 16 37 28 55 23 44 22 57 35 25 7 48 19 62 27 65 13 34 61 26 42 40 1 33 24 39 29 36 43 72 41 3
20 18 35 33 13 12 49 16 45 40 62 29 30 38 65 10 55 70 36 34 25 7 51 28 4 5 43 11 53 47 69 54 3 64 67 44 15 58 42 8 74 37 26 73 50 61 21 66 68 39 14 71 56 1 31 59 63 23 9 2 52 27 24 60 41 57 75 48 46 22 32 17 72 6 19
18 74 34 5 1 17 13 73 70 45 39 58 20 68 64 48 23 12 50 19 27 22 7 8 56 47 71 46 62 11 32 36 61 42 55 53 14 9 44 37 16 43 29 57 59 69 51 72 3 60 10 6 35 30 4 21 40 26 67 63 49 15 66 2 24 25 31 38 41 54 28 33 52 65 75
38 47 15 44 42 34 19 35 56 5 11 73 60 1 6 39 18 10 59 54 58 22 16 52 20 74 14 50 63 32 68 17 64 61 45 33 4 48 2 28 31 67 53 12 23 25 70 40 21 3 49 66 51 55 26 41 8 62 65 71 13 43 30 27 7 9 46 36 69 57 24 72 29 37 75
27 65 14 33 72 68 40 52 56 10 29 57 74 45 59 61 15 24 60 69 34 36 50 16 35 17 26 47 30 19 23 7 20 41 64 1 5 70 25 44 71 58 3 73 2 4 53 38 63 6 46 62 55 67 9 42 54 49 13 28 75 22 43 21 48 66 18 51 8 37 32 12 31 39 11
31 18 62 58 72 47 7 23 65 44 12 67 68 24 8 50 3 32 29 21 49 70 35 36 26 71 66 48 27 40 60 14 1 69 61 22 46 2 6 45 63 55 52 20 9 37 43 51 19 75 74 54 25 53 13 11 64 41 5 33 73 30 17 56 28 4 15 16 10 38 34 57 59 39 42
58 44 15 54 29 64 55 60 50 34 33 3 27 42 18 52 63 25 40 10 43 14 36 71 7 6 9 74 26 22 56 47 48 16 70 30 57 41 19 75 17 61 24 32 45 1 51 39 69 46 62 72 21 59 38 37 11 66 12 2 20 65 23 5 8 67 13 28 31 73 35 4 49 53 68
36 54 25 42 10 21 65 4 26 6 24 20 51 70 56 61 5 57 32 53 45 35 17 69 33 39 1 7 73 2 47 41 18 63 13 28 22 60 71 11 14 52 72 58 68 59 34 37 55 66 67 43 40 75 62 3 64 19 29 8 12 15 48 46 9 74 49 31 16 44 23 50 27 30 38
62 19 41 21 58 15 29 34 40 27 28 39 30 18 20 38 49 11 71 35 44 17 56 24 68 23 22 3 26 61 8 32 52 50 51 66 4 59 16 31 6 10 7 9 1 33 48 14 70 5 67 69 47 64 74 12 65 13 60 63 73 42 54 45 57 2 36 72 75 53 55 46 37 43 25
12 47 9 32 53 19 36 42 3 20 49 37 11 17 70 72 35 60 62 65 30 27 23 64 75 13 15 59 51 71 25 16 7 5 61 69 26 44 22 31 40 46 43 41 52 57 1 45 8 18 56 55 73 10 28 39 63 6 58 74 33 66 50 4 21 29 38 14 68 34 48 2 54 67 24
38 5 39 15 69 23 52 47 31 42 13 50 8 46 73 37 44 2 20 48 66 64 63 14 55 3 53 27 1 58 70 26 28 74 12 7 6 65 25 43 4 29 24 40 9 36 61 17 35 49 11 71 51 57 19 59 34 68 32 10 16 54 41 62 45 75 22 56 67 72 60 30 21 33 18
42 47 58 69 7 37 11 46 65 10 22 26 8 59 28 12 54 18 16 62 27 71 67 29 52 24 33 17 61 1 43 50 51 74 9 14 13 23 20 31 68 4 63 75 3 49 41 19 36 45 40 32 72 66 64 34 44 70 73 30 5 2 38 35 53 60 21 55 48 56 15 6 39 57 25
70 8 41 51 39 46 31 12 55 22 56 74 19 49 52 27 25 40 7 20 47 17 16 37 14 1 32 53 44 35 24 42 63 65 34 2 5 69 3 38 45 62 64 71 10 30 67 58 68 72 50 4 26 59 15 36 54 57 73 11 60 28 43 21 13 6 18 33 9 66 23 48 29 75 61
21 30 52 64 10 70 1 19 4 3 6 40 33 54 56 65 2 38 34 35 18 14 8 57 7 11 12 67 53 5 37 49 39 47 16 13 59 75 42 28 25 72 63 58 22 43 23 29 24 69 48 55 50 36 31 61 74 62 45 41 20 44 17 71 68 51 15 32 60 26 73 66 46 27 9
10 35 36 68 44 57 55 61 17 66 71 20 15 31 26 58 21 75 70 14 63 4 6 39 59 65 37 43 34 2 13 28 9 60 16 49 74 52 7 25 64 47 46 50 18 23 19 67 45 5 29 51 48 69 62 27 11 3 33 56 24 30 72 22 42 73 8 32 12 38 41 40 54 53 1
69 31 19 68 57 15 25 74 27 35 29 62 71 28 72 61 17 67 55 44 56 42 70 43 38 49 13 10 23 20 26 41 22 75 58 7 1 66 36 5 21 39 63 46 73 33 45 12 60 54 30 32 37 53 52 11 14 24 2 40 64 3 65 18 47 8 4 6 34 16 48 59 51 50 9
31 24 39 26 17 6 66 4 73 65 59 41 7 9 54 20 25 50 68 52 48 19 60 34 70 49 74 14 57 2 62 67 53 38 12 32 3 61 56 23 64 42 46 63 21 1 29 10 13 51 27 8 18 22 16 55 36 69 37 75 44 35 45 5 71 11 72 33 43 15 30 47 58 28 40
43 75 47 57 4 46 69 13 7 55 41 73 11 18 17 23 21 65 49 2 35 12 40 14 37 24 72 67 16 22 45 74 3 29 53 64 28 54 68 50 61 32 34 56 1 33 19 10 31 60 71 30 58 70 27 8 52 15 66 9 62 44 25 36 42 38 5 63 6 51 20 26 48 39 59
12 24 1 37 36 61 5 44 17 21 18 9 51 43 20 25 16 65 45 35 46 22 6 33 75 42 11 48 69 7 74 60 3 49 30 67 14 41 56 63 52 34 31 26 8 15 32 47 70 62 64 27 29 71 59 10 58 40 55 66 73 54 57 72 53 23 38 28 4 13 19 68 2 39 50
21 17 69 33 25 6 70 59 8 58 50 9 57 75 7 1 63 46 38 23 10 4 19 13 71 11 54 74 51 42 29 45 3 56 36 64 18 68 48 52 73 20 2 65 14 5 44 61 34 66 39 15 53 67 27 72 40 41 60 31 62 32 47 26 24 37 16 22 12 35 28 55 43 30 49
26 62 19 47 33 29 37 1 5 63 21 66 49 71 40 6 42 22 7 31 10 54 11 24 46 52 45 70 18 61 12 14 16 53 4 34 48 20 55 3 23 9 73 36 58 38 17 68 30 44 67 57 8 75 51 28 74 69 35 43 13 56 15 27 41 39 50 65 64 60 32 59 2 72 25
71 38 53 63 36 34 48 56 69 15 60 43 54 30 13 55 62 51 29 75 25 73 9 22 27 45 33 28 72 32 17 59 16 35 7 1 5 37 23 14 21 70 44 65 10 46 67 26 40 74 31 61 12 8 68 49 11 52 50 4 39 19 2 41 57 42 3 64 47 24 18 6 20 58 66
25 61 52 73 1 10 31 15 64 41 70 30 48 18 3 23 17 5 62 44 56 71 13 67 26 16 59 14 43 45 19 66 29 51 75 12 60 63 53 68 35 21 55 27 8 7 36 42 57 54 6 4 69 34 9 11 65 20 2 39 32 74 72 24 22 50 38 37 28 33 49 47 58 40 46
42 32 36 45 4 27 37 12 17 14 5 33 52 65 54 18 16 2 23 46 19 3 56 9 66 58 64 7 49 15 61 31 25 6 57 38 68 62 29 21 55 47 53 70 24 13 60 41 69 35 74 11 63 59 22 8 67 51 75 26 73 44 71 30 1 43 72 48 20 28 39 40 34 10 50
17 39 16 59 43 56 10 46 32 67 26 47 3 14 5 70 36 60 22 40 54 61 62 75 57 38 9 18 66 51 37 24 8 33 48 4 42 63 27 31 50 7 25 30 65 19 41 55 49 21 11 72 74 64 52 13 53 2 28 1 34 71 68 23 35 45 69 12 73 29 20 58 6 15 44
7 18 69 62 48 75 52 8 56 51 26 4 24 10 60 45 42 64 71 44 28 33 36 40 50 3 59 63 2 49 27 21 65 46 54 1 25 19 73 23 29 58 68 30 5 16 41 22 12 66 35 53 31 14 61 74 38 55 11 34 6 15 43 47 9 70 13 57 17 72 20 37 67 39 32
55 43 67 3 34 7 40 4 19 69 65 57 30 28 58 17 39 12 50 42 13 74 2 33 5 54 60 22 56 44 37 35 27 70 48 29 61 36 6 24 25 52 46 21 31 49 73 1 62 23 10 15 8 14 45 16 64 32 18 51 47 11 59 71 53 41 63 20 26 38 66 9 72 68 75
17 33 12 1 65 23 47 21 7 8 70 69 53 61 37 3 22 59 2 14 34 15 72 32 45 29 6 67 42 64 43 41 66 62 13 18 74 28 39 24 68 4 63 40 60 71 5 35 57 10 46 56 27 51 49 38 9 26 11 55 31 52 20 54 48 73 50 75 30 44 36 58 19 16 25
33 66 12 4 26 57 37 13 68 52 62 38 32 61 7 74 22 40 44 47 43 28 65 55 42 31 14 54 72 36 35 56 19 67 2 49 3 5 29 17 50 45 18 1 27 69 41 58 46 21 73 59 9 75 39 20 10 53 30 70 8 23 24 63 6 34 16 15 25 51 11 71 64 48 60
56 27 54 11 63 9 37 47 7 62 25 8 10 46 52 15 20 3 66 2 48 17 24 35 14 67 61 74 34 31 26 23 59 38 36 69 12 21 5 55 29 60 45 68 75 53 28 16 65 70 33 39 44 41 58 13 49 72 30 32 6 51 71 19 73 1 18 57 42 50 40 64 22 4 43
51 27 35 20 64 71 15 52 39 61 55 70 25 50 12 33 67 9 37 14 36 34 65 47 13 59 30 28 8 2 49 54 69 57 44 10 58 73 62 7 74 21 56 75 53 18 5 72 24 17 19 22 31 11 40 1 4 42 60 6 3 46 32 38 63 43 48 66 41 23 16 29 26 45 68
12 7 61 4 19 47 25 29 58 60 59 67 50 70 48 22 24 21 17 57 51 13 39 15 5 44 42 46 23 45 35 18 54 33 53 36 52 73 14 75 62 31 26 38 65 68 40 16 28 69 10 2 11 63 9 41 3 32 37 30 20 43 49 1 74 56 34 27 6 64 71 8 66 72 55
74 50 26 25 37 39 4 30 41 13 69 19 1 43 28 8 52 17 12 49 29 71 34 21 31 44 65 66 67 9 24 42 53 38 5 11 7 46 57 56 64 18 55 23 70 14 45 32 58 75 61 63 60 10 51 40 2 72 3 15 20 54 35 6 68 59 27 16 47 36 62 22 33 73 48
66 52 56 46 27 15 5 38 72 17 20 35 10 1 71 51 37 53 50 49 4 12 9 31 75 30 11 70 29 13 6 47 44 26 45 28 64 57 8 55 41 23 25 21 59 39 62 69 54 42 18 68 14 24 19 32 36 43 65 22 58 74 40 67 33 3 2 63 48 61 34 16 7 60 73
69 34 2 52 66 16 40 38 35 60 39 12 24 36 73 42 21 58 50 43 41 8 5 13 57 32 10 49 30 31 70 53 11 55 18 45 1 59 27 64 46 14 15 23 9 47 51 37 19 17 44 33 4 75 25 67 26 48 22 54 65 72 56 6 7 29 74 63 62 71 61 20 68 28 3
9 15 14 33 37 73 61 7 48 6 51 36 32 38 57 13 42 69 31 20 63 49 19 30 74 52 56 23 66 18 2 68 45 4 3 35 50 17 75 12 44 59 40 53 64 41 60 71 62 11 54 10 70 16 34 65 43 21 22 72 46 58 29 39 26 1 67 5 28 8 47 27 55 25 24
57 63 29 21 69 25 23 15 52 38 30 10 16 2 11 18 41 7 4 19 64 32 6 24 8 31 17 72 60 5 46 35 44 1 42 58 75 36 37 9 62 73 22 56 67 59 39 55 71 28 14 74 26 12 40 53 50 61 68 27 3 54 47 49 20 33 65 13 66 51 34 70 43 48 45
23 59 13 18 62 24 29 47 3 9 67 15 75 25 10 65 53 17 46 28 69 74 33 7 5 40 60 20 45 32 2 58 21 56 61 70 12 31 11 64 16 71 63 36 42 6 49 50 55 22 38 48 27 34 54 35 39 66 51 73 52 72 14 8 44 41 57 68 19 1 4 43 26 37 30
16 37 74 66 69 49 32 15 45 8 63 5 38 55 25 34 1 11 20 48 57 24 61 12 65 52 19 2 33 10 75 46 6 59 62 36 42 73 39 41 58 30 60 27 71 13 44 22 17 53 54 67 14 26 28 7 50 64 72 51 70 18 68 3 21 40 35 31 47 4 9 23 56 43 29
75 17 40 61 29 27 60 21 53 45 52 74 67 47 6 65 68 39 19 5 28 37 43 48 55 31 66 20 26 57 58 12 41 24 25 30 18 64 33 51 36 49 10 23 2 32 63 54 59 71 1 56 34 50 62 44 35 38 11 46 7 14 72 16 70 3 8 69 15 9 22 73 4 42 13
9 31 25 50 71 63 37 61 10 29 19 60 65 26 3 75 40 1 59 62 16 72 8 47 4 54 58 7 6 57 18 45 27 67 44 15 70 42 52 28 20 21 5 24 39 64 49 41 30 74 68 38 14 33 11 12 53 69 51 36 73 22 48 46 13 55 23 2 35 34 32 17 43 56 66
27 69 18 64 6 33 75 62 16 12 50 49 25 4 32 29 65 39 56 3 60 23 38 67 57 47 1 74 9 28 36 8 17 7 34 20 21 61 31 68 51 11 70 42 43 24 63 48 46 15 73 35 2 26 44 22 37 53 59 30 55 58 66 40 19 71 10 13 14 5 72 54 41 45 52
31 47 34 2 7 48 46 66 6 17 18 64 57 63 24 65 5 37 39 45 16 4 15 19 36 61 49 50 30 32 9 25 23 26 52 53 56 21 10 12 67 75 59 73 40 58 33 68 35 43 27 60 11 72 55 22 71 42 62 44 20 70 3 74 69 28 41 51 54 29 38 14 8 13 1
51 63 36 67 75 21 7 18 73 32 64 5 60 42 72 38 59 22 46 43 27 28 19 54 4 66 47 62 25 3 61 53 34 56 33 45 20 70 55 69 35 16 10 17 29 37 23 15 74 30 8 9 41 26 49 1 39 40 14 2 6 12 31 50 71 58 68 44 13 48 65 24 52 57 11
63 29 68 34 23 62 59 1 67 33 55 5 11 72 21 54 42 28 48 49 8 60 20 14 7 35 24 19 74 51 22 32 75 3 4 73 39 71 12 17 2 43 30 53 45 9 57 50 31 10 37 27 15 46 36 65 44 56 6 38 64 41 52 69 18 61 70 66 26 25 13 40 47 58 16
42 46 40 2 61 28 14 12 51 38 16 56 32 70 21 29 3 59 34 39 10 1 55 22 73 15 24 71 41 9 47 17 31 68 7 49 54 30 69 13 5 25 57 20 35 23 27 48 8 37 45 33 64 52 4 6 43 44 18 62 72 26 67 50 63 11 65 75 36 60 53 66 58 19 74
41 23 37 15 48 42 30 27 24 62 47 54 40 58 59 66 56 14 71 3 45 63 51 44 10 70 43 72 12 16 74 9 7 75 21 13 60 64 57 49 25 8 2 17 36 32 35 28 5 67 73 53 29 55 22 6 33 69 52 19 26 18 46 38 11 50 61 34 4 39 20 68 31 65 1
70 73 12 51 38 27 44 66 46 53 74 22 39 25 13 50 20 9 48 42 7 54 69 24 1 15 43 58 41 16 61 60 21 10 55 49 4 3 17 2 5 28 65 30 75 29 71 34 18 35 67 31 23 52 62 32 37 47 59 14 68 11 8 56 19 26 6 36 72 40 64 63 45 33 57
57 26 21 72 47 15 69 36 8 16 42 68 25 70 56 17 58 37 31 48 19 20 11 74 29 22 30 23 49 73 62 61 65 43 2 33 18 46 35 59 67 41 34 6 63 12 51 10 9 7 44 3 4 39 53 28 27 45 13 66 55 60 75 1 38 50 5 64 32 40 71 14 52 24 54
18 68 22 34 73 53 6 55 72 8 64 45 65 42 70 74 39 5 9 63 10 7 24 27 47 62 14 4 33 51 35 59 23 17 49 36 56 12 20 37 41 58 66 50 15 30 44 57 32 75 60 11 69 25 52 40 26 48 31 21 2 16 43 29 46 13 61 67 1 3 71 54 19 28 38
66 47 19 2 42 58 37 3 63 62 12 46 67 39 61 51 45 56 31 30 15 10 75 4 73 6 38 53 7 14 72 54 5 13 23 49 26 29 24 22 60 59 74 35 55 48 40 1 69 33 28 27 50 34 17 21 52 36 16 18 65 68 25 43 64 70 32 8 11 44 71 20 9 41 57
66 42 68 31 15 13 11 16 34 75 45 17 29 53 8 5 25 32 20 37 58 63 38 3 4 72 10 28 47 18 23 36 1 21 62 24 22 56 52 60 55 30 14 65 26 2 6 50 27 19 46 73 69 12 48 74 70 61 39 51 49 64 54 71 44 35 57 40 7 67 41 33 43 59 9
21 60 43 36 19 52 27 3 15 34 14 56 45 12 29 46 38 6 44 20 67 22 47 17 16 25 51 73 74 57 42 18 33 31 70 13 55 48 61 5 9 37 40 24 53 50 65 68 62 59 72 23 63 26 1 54 64 7 28 75 71 66 39 69 35 30 4 2 11 41 8 10 32 58 49
62 28 63 73 29 34 15 48 25 40 49 57 69 4 32 14 54 22 7 64 37 60 23 72 58 51 19 17 8 55 66 26 56 11 18 71 3 10 38 2 13 68 30 61 45 44 53 65 43 12 24 9 41 21 42 47 50 52 33 70 75 35 36 46 67 39 6 5 1 20 74 31 59 27 16
69 31 35 25 8 7 17 14 5 48 50 58 20 27 68 72 67 36 9 75 49 56 28 6 65 54 53 73 10 70 29 41 51 46 43 44 13 40 45 11 30 60 2 47 12 24 59 74 22 38 37 21 39 66 52 63 71 62 16 55 57 32 42 18 3 61 64 4 26 19 33 23 34 15 1
34 64 1 46 49 26 39 72 66 21 11 17 54 20 12 65 33 43 28 35 19 50 14 27 41 31 32 9 36 48 25 23 37 10 59 5 38 24 13 55 18 51 71 60 63 62 22 29 68 74 47 3 2 75 45 8 61 4 30 15 16 7 42 56 58 6 70 40 52 53 57 44 67 69 73
22 43 38 72 34 47 45 10 56 40 49 57 13 66 52 12 42 18 51 3 55 30 24 1 23 58 35 61 33 50 59 29 26 19 48 7 27 6 69 9 36 25 11 16 73 53 74 68 63 20 67 54 64 41 60 32 71 8 17 37 44 21 31 28 39 15 65 4 75 46 62 5 2 70 14
4 43 21 22 1 72 36 68 33 70 18 24 75 46 61 14 8 31 34 71 27 49 38 56 50 40 52 15 42 37 59 26 57 12 23 47 41 20 17 5 6 74 7 73 11 10 53 60 64 66 44 29 67 65 51 32 30 48 55 9 16 28 25 63 13 3 39 62 69 35 54 45 2 19 58
75 20 8 29 16 26 10 14 7 52 66 15 34 18 36 70 61 23 5 35 41 11 39 56 37 45 1 40 73 2 46 28 27 59 63 6 69 42 3 24 19 53 51 17 55 54 67 21 48 13 71 22 31 30 32 74 47 9 44 57 38 72 33 43 25 60 50 64 12 4 49 58 62 65 68
18 29 28 51 39 58 38 1 11 63 40 23 7 4 65 47 66 34 70 12 20 57 10 37 52 71 15 53 50 75 26 3 67 5 6 74 56 54 33 69 19 68 8 60 2 55 41 72 61 24 59 43 32 30 35 44 16 9 21 13 42 46 31 25 17 14 22 73 62 64 48 27 45 36 49
20 71 47 6 19 11 10 28 12 57 7 43 30 38 26 46 55 56 50 8 22 66 59 51 52 40 63 31 24 70 69 60 15 16 3 2 53 75 74 39 27 48 32 54 21 41 44 18 49 65 34 13 35 45 9 36 62 25 1 23 72 4 73 5 37 64 61 17 14 58 29 33 42 67 68
31 27 75 58 19 56 74 43 54 69 40 23 51 34 16 53 30 65 72 59 48 32 6 7 50 44 3 68 33 62 70 20 11 36 64 25 2 49 29 45 67 22 18 1 52 46 42 39 21 4 12 61 41 71 26 35 47 5 17 24 37 60 15 10 28 73 63 14 8 66 9 57 38 13 55
7 75 57 54 56 53 65 34 48 55 45 25 60 18 67 35 11 26 24 40 8 66 59 5 12 19 22 71 15 64 17 46 21 58 69 49 42 30 70 47 31 9 1 68 74 29 51 16 52 33 72 43 10 37 4 63 62 20 32 41 3 61 44 27 14 38 13 50 36 6 73 23 2 39 28
4 34 30 38 6 50 13 62 45 48 47 75 36 55 17 35 32 67 15 43 8 12 9 59 60 44 46 72 16 31 3 25 11 53 27 39 58 37 66 74 61 14 28 20 18 2 57 21 41 69 5 73 24 54 51 65 42 49 33 29 64 71 23 56 22 68 40 63 7 1 10 70 26 19 52
1 10 51 43 57 49 60 14 3 9 39 62 69 34 29 45 38 73 68 20 52 23 58 55 13 66 24 41 47 53 33 65 31 25 12 75 7 63 4 37 54 26 28 19 56 15 72 18 44 40 2 16 36 74 59 67 30 22 11 50 71 48 27 17 5 46 32 21 8 35 61 70 6 42 64
25 34 65 48 29 26 54 49 68 7 21 69 2 19 16 14 74 10 57 64 4 52 37 13 44 12 58 9 38 17 51 6 35 59 53 15 31 70 32 73 11 28 43 60 45 24 39 20 72 3 61 41 5 18 50 42 1 33 62 27 40 30 75 67 55 23 56 66 47 46 8 63 36 71 22
53 19 68 33 28 25 6 57 30 1 2 24 11 62 55 59 52 40 32 75 47 64 7 36 48 21 15 49 20 67 50 10 45 74 27 60 5 12 51 4 71 35 69 46 58 34 13 9 72 70 17 31 18 3 29 43 44 56 41 42 8 61 22 73 38 66 14 65 23 16 26 37 54 63 39
53 45 14 42 46 27 56 26 17 28 5 52 9 66 20 25 58 1 32 72 39 64 61 65 22 3 75 7 19 57 48 33 74 2 18 30 71 59 12 54 34 60 31 69 63 51 49 4 8 10 70 16 15 36 50 44 55 43 24 41 23 29 73 67 47 35 13 6 68 38 37 21 11 40 62
22 49 24 27 40 34 10 11 29 9 16 7 33 4 63 36 53 72 5 32 38 45 56 73 75 14 43 59 21 31 66 20 58 61 6 28 57 25 60 47 23 54 18 15 52 39 68 50 13 74 55 44 64 8 69 26 17 65 46 30 2 1 3 41 19 35 12 62 51 48 70 42 67 37 71
14 73 6 39 53 29 72 67 60 20 74 37 25 26 48 46 50 8 54 27 42 15 70 69 49 13 31 5 28 35 2 10 51 16 1 44 65 75 23 11 3 18 34 63 36 66 41 43 58 47 61 57 32 21 56 64 30 22 62 4 12 9 45 52 71 33 38 24 17 19 40 55 7 68 59
52 11 66 34 47 26 50 36 39 35 65 69 54 19 17 75 71 23 37 31 10 43 56 4 25 28 21 16 38 67 30 44 5 12 14 3 1 49 59 68 62 29 46 70 73 64 55 22 51 2 48 8 57 15 74 18 32 72 20 24 61 58 41 6 7 27 60 42 53 13 45 63 33 40 9
28 43 67 20 29 74 51 14 35 40 1 30 65 48 11 17 68 50 27 42 44 4 13 2 34 15 37 9 66 62 75 61 24 39 72 32 36 16 64 58 57 70 7 60 52 31 6 49 25 46 55 12 56 26 38 53 73 41 63 18 23 19 3 69 5 54 21 71 22 33 8 10 45 47 59
15 24 35 23 54 28 39 45 43 52 3 16 29 60 70 18 59 69 73 5 4 21 6 26 36 8 30 63 22 7 41 19 40 37 61 42 75 49 56 27 20 25 1 46 62 34 58 14 17 74 11 44 33 12 13 64 31 71 47 51 66 50 32 10 67 55 9 38 72 65 68 57 48 2 53
7 30 46 11 47 23 27 17 14 56 8 12 68 38 42 45 62 35 57 63 48 24 21 4 49 33 69 10 2 16 72 5 50 65 36 67 58 13 15 31 22 52 70 66 28 73 74 34 6 64 25 19 3 53 1 59 40 71 32 43 37 20 39 55 41 18 9 61 60 26 75 51 54 44 29
13 45 60 55 73 37 39 30 32 56 44 47 46 38 12 6 18 29 10 17 25 9 69 65 50 5 62 11 51 43 52 22 66 28 41 21 72 59 19 53 14 71 31 34 58 35 64 75 27 61 68 49 8 48 54 33 20 3 42 67 40 15 16 1 7 4 2 57 23 70 74 24 36 26 63
34 57 53 50 12 70 43 52 64 24 33 28 4 37 69 18 46 74 63 8 47 11 54 15 2 16 10 39 66 55 31 41 19 5 3 58 23 6 72 62 9 40 67 44 60 51 38 30 36 17 42 32 68 48 73 1 49 27 75 21 20 26 29 14 56 35 25 59 71 7 65 22 13 61 45
40 21 44 38 47 11 75 12 59 57 52 61 19 23 49 65 1 26 48 66 43 14 34 72 3 63 37 39 28 68 69 6 58 5 33 15 74 25 22 2 32 24 64 8 60 16 45 9 20 73 4 27 62 53 56 71 36 13 70 50 35 42 51 31 54 29 67 17 7 46 30 41 18 55 10
32 31 53 5 56 7 48 72 12 55 45 25 46 36 3 43 16 22 59 41 30 74 26 27 1 28 2 18 10 64 50 52 68 60 21 75 49 29 47 37 54 8 34 62 44 57 42 61 9 33 40 69 71 66 70 14 20 17 35 24 19 23 65 13 4 63 73 39 51 38 11 6 67 15 58
28 55 34 59 29 69 35 37 64 46 40 32 50 49 5 42 41 17 70 15 67 66 14 58 65 72 21 27 1 43 51 33 13 47 54 2 71 75 61 45 53 11 26 16 56 25 38 36 7 20 63 30 24 60 10 48 4 52 12 73 19 57 3 39 68 23 8 31 6 44 22 74 62 9 18
51 59 28 5 32 11 42 29 35 46 64 10 56 21 25 18 70 19 1 30 2 13 72 24 12 14 53 33 41 22 75 49 31 66 50 71 23 27 57 47 54 16 58 43 61 62 60 65 69 8 63 17 48 6 9 44 20 37 34 38 15 39 67 36 45 68 7 55 40 26 4 3 73 74 52
20 41 51 33 17 24 21 64 57 1 35 74 23 69 47 7 48 16 70 73 9 62 60 10 8 13 28 32 66 26 34 3 45 19 5 54 43 56 22 36 15 12 39 49 65 50 2 40 68 71 4 29 53 27 31 55 38 11 14 6 25 37 42 72 61 58 67 18 63 46 30 59 75 44 52
3 44 61 35 31 69 75 28 57 60 8 19 29 36 25 34 24 11 18 39 22 72 62 64 49 68 41 63 7 20 43 67 33 47 21 15 51 40 74 4 54 5 1 10 73 50 23 14 26 70 52 58 6 37 27 46 56 12 16 32 9 65 45 59 48 38 53 17 30 13 55 71 66 42 2
23 13 52 33 36 44 29 38 60 72 37 43 22 53 51 49 56 31 25 34 16 1 48 4 19 20 24 70 73 26 41 18 3 61 17 11 46 75 45 5 54 8 58 6 68 57 21 71 15 30 42 55 28 7 40 64 63 62 14 66 65 10 27 50 74 59 35 9 47 2 39 69 12 67 32
75 49 27 48 34 4 64 53 71 20 21 30 39 16 31 50 19 29 43 25 62 1 41 32 8 24 61 73 65 38 57 69 3 14 12 63 15 44 59 5 68 37 46 28 10 7 45 58 54 2 52 60 55 26 51 33 11 47 56 72 22 6 74 40 67 35 36 13 18 42 70 23 66 9 17
40 34 27 14 24 59 30 32 22 46 56 23 55 21 48 36 8 71 5 60 12 41 73 18 58 38 4 42 44 37 28 9 33 69 70 75 61 43 63 52 65 45 29 72 15 26 54 16 62 68 25 74 57 19 49 20 11 2 1 6 7 50 67 53 47 31 51 35 66 17 10 39 3 13 64
19 54 2 32 59 9 5 52 49 24 47 15 64 58 17 57 69 35 23 73 41 40 67 46 1 74 62 37 71 36 56 27 68 11 61 44 75 60 65 70 12 10 8 33 63 29 43 6 53 25 50 4 48 39 42 14 7 72 51 31 16 38 66 20 30 13 3 18 21 34 22 28 45 26 55
42 58 74 51 63 23 41 40 43 16 64 29 35 37 30 3 34 33 25 14 4 39 66 49 69 13 31 53 60 26 7 57 75 5 21 1 59 8 67 6 68 65 15 55 70 38 9 22 27 47 44 48 24 19 10 71 56 45 73 11 2 32 62 28 18 61 54 17 36 12 50 72 20 52 46
31 41 39 27 9 21 7 25 34 52 60 13 43 71 10 42 19 30 46 50 17 33 44 28 3 62 66 45 1 59 70 36 12 4 56 69 53 18 64 75 65 29 38 49 54 22 37 51 2 68 73 11 61 32 72 58 74 24 14 55 20 48 6 26 40 63 47 15 8 5 35 16 23 67 57
15 57 4 55 3 28 14 21 35 29 52 1 50 10 39 70 43 53 46 68 40 27 13 69 20 49 62 74 66 59 25 30 72 37 61 33 32 58 42 63 18 60 34 8 73 7 51 75 22 2 54 65 56 45 16 17 44 36 41 5 11 9 48 31 19 12 67 26 64 38 47 71 6 23 24
3 34 11 53 6 5 48 51 39 75 44 32 43 23 30 15 19 62 64 69 38 29 22 70 28 40 61 2 46 36 16 56 37 7 66 54 74 71 20 31 72 4 24 14 42 52 9 60 8 35 65 45 73 1 13 67 55 17 26 57 21 58 49 59 33 68 41 50 25 47 12 10 27 18 63
18 30 60 56 12 3 47 46 63 19 59 34 69 65 26 61 50 67 8 71 70 44 39 16 29 45 36 68 49 62 74 24 55 42 35 21 14 58 15 31 57 27 48 40 11 66 22 28 23 38 51 4 73 1 5 20 25 32 13 54 33 75 10 2 64 52 43 37 41 72 9 53 6 7 17
