27681760
27883444
27017025
27642396
27776738
27936874
27623838
27008629
27290425
27724280
27779905
27917685
27134416
27285829
27721104
27293000
27793052
27932028
27411347
27443151
27324039
27805195
27479541
27073636
27438557
27353521
27575120
27251478
27024515
27479369
27380120
27229788
27037338
27148673
27158712
27371562
27029709
27848127
27112496
27792005
27113601
27662178
27540501
27218581
27741691
27888356
27549840
27082318
27022258
27285660
27063773
27109116
27550189
27521350
27787746
27378076
27695455
27227932
27401051
27564060
27305505
27722062
27163410
27980451
27512624
27308878
27689568
27099221
27642026
27357761
27594624
27069972
27658775
27107333
27790049
27958530
27949641
27007457
27678841
27354442
27537830
27733529
27667768
27839362
27164270
27433603
27250110
27841327
27903461
27565219
27121460
27516969
27087626
27068383
27653017
27984735
27487396
27831957
27044066
27692233
27426251
27044474
27411990
27553846
27378568
27754761
27791487
27694191
27808406
27155927
27139100
27548316
27976133
27353370
27620223
27269942
27153434
27821473
27812931
27759894
27741805
27196407
27472029
27956935
27434061
27002197
27028422
27132040
27825225
27097507
27197013
27067412
27818724
27765640
27346531
27420909
27374829
27316566
27781120
27265220
27784440
27365045
27081179
27790193
27878142
27743410
27249917
27613416
27764592
27868934
27873104
27172023
27152794
27888733
27156598
27618395
27523368
27604715
27263983
27025523
27960110
27598475
27594531
27943566
27939732
27335564
27334734
27992514
27087325
27754552
27499005
27717110
27498904
27252354
27945097
27154355
27425442
27899703
27167344
27084556
27629257
27059929
27781744
27662012
27992766
27421742
27319886
27320565
27486608
27920036
27020496
27322310
27355299
27783542
27313099
27154144
27518810
27636643
27308882
27045248
27634543
27208737
27706072
27279582
27166642
27145117
27624889
27703684
27732513
27266016
27503943
27071496
27766823
27932084
27103649
27230199
27529680
27431252
27847619
27094925
27027712
27741110
27362009
27137862
27475344
27451244
27475337
27007496
27342844
27054150
27995078
27086370
27187030
27527784
27390069
27734222
27144037
27061581
27471422
27084582
27530897
27085543
27379016
27264942
27758872
27704746
27884266
27739448
27327817
27061773
27693006
27425083
27769638
27885623
27991221
27964092
27064897
27134431
27896227
27701539
27151849
27967382
27303982
27777696
27579547
27972842
27827986
27608799
27082022
27722405
27393548
27822559
27143566
27865230
27098406
27699165
27102076
27849216
27276972
27861959
27156070
27883396
27771262
27186835
27990949
27687961
27807672
27136427
27354377
27464394
27081069
27459150
27434126
27838910
27644652
27671950
27323010
27282585
27309671
27776922
27052846
27873705
27412214
27836320
27030143
27339311
27453603
27280754
27782601
27897930
27050781
27015243
27977266
27244683
27274928
27201275
27425902
27828691
27500594
27135355
27699466
27308048
27114096
27265288
27747561
27652557
27427530
27689333
27953676
27744008
27627693
27797352
27080294
27509358
27110465
27770234
27677505
27812650
27047192
27107300
27631791
27526460
27670732
27083993
27742738
27223929
27925564
27074058
27611990
27766046
27195418
27935620
27414422
27199775
27628322
27614857
27212855
27100272
27100373
27168109
27988675
27319320
27740562
27378794
27765672
27982720
27431634
27936482
27197026
27597891
27160222
27264999
27915150
27178830
27186496
27221335
27497305
27152729
27264402
27546397
27210289
27741236
27767641
27085303
27722725
27603714
27839843
27486690
27351748
27413185
27300622
27855203
27647402
27417508
27387972
27617446
27508410
27272119
27900398
27524399
27674552
27506280
27961307
27530503
27649719
27966600
27790510
27716985
27368310
27453721
27721319
27887895
27427474
27482225
27865017
27074364
27469606
27579525
27894770
27123454
27936081
27852973
27781823
27977552
27046897
27950740
27784317
27834417
27968325
27738247
27881172
27071245
27096781
27089938
27236895
27733548
27598892
27336794
27645579
27546628
27446501
27474053
27719709
27578069
27805757
27678247
27745819
27016414
27740324
27973961
27908176
27092711
27976792
27869802
27565440
27330335
27486743
27930805
27442357
27532850
27305703
27834577
27885934
27688392
27289684
27399247
27537341
27702486
27365260
27727532
27754603
27650533
27721598
27350543
27966606
27315036
27875354
27018212
27607589
27624698
27708192
27436756
27887172
27038635
27120316
27000841
27734015
27555682
27489113
27233023
27947869
27038571
27990978
27763378
27181933
27738526
27668743
27195922
27425244
27249180