5259
4100
1106
5834
8318
3359
4517
5363
9543
5714
7309
7482
1669
3570
8404
5522
6845
4329
1199
1671
1344
9741
6615
6133
2313
4549
7385
8992
9022
9378
1661
2958
1231
9345
4656
7503
8598
5901
8964
7990
5313
1662
2977
5236
7644
8996
1278
9612
1571
8800
6649
6314
9213
3693
8407
8929
5919
8049
6036
1237
8081
9509
7443
7607
4917
6195
5696
9174
7069
6315
4203
4990
6089
8588
3060
4285
9480
7728
2393
4792
1404
7716
2085
7024
8141
7962
7271
4124
4659
5375
7132
7513
7641
5652
3417
6381
4498
6350
1395
5318
1271
9328
2285
3501
7802
4462
9677
7736
1026
5136
8916
9528
7800
8401
1469
3591
5422
6195
4262
6076
7419
9830
7287
5817
4722
6865
8328
2131
1339
5076
4925
6127
4323
7532
1616
9044
9333
9677
7634
7670
3621
2147
2915
2148
6176
3250
2427
8945
3400
8221
5048
7317
4276
2342
5575
1622
3719
7234
9980
8034
5687
1393
5466
8115
6162
7931
6765
4314
3790
5018
6100
7919
7979
7971
8496
9253
5956
1187
2453
2845
4765
8011
4910
1470
6257
7523
9942
7131
8933
8662
2041
7212
3955
5574
4387
4260
2804
2446
9368
6528