30617
78203
44169
56874
14139
23995
32388
29000
58876
28384
54256
49174
32850
14216
71966
80128
82515
82053
29693
60955
28076
49328
77972
29308
66653
60493
50175
62418
32311
78357
11367
17758
21993
41089
36777
27383
37701
49636
79512
40473
69502
16988
56797
19452
77741
86365
68501
40242
63650
75739
25535
39780
48019
43168
24303
43322
86288
37855
55257
48481
27845
64882
37624
72197
86673
81591
22455
72120
27691
61340
35468
51792
17142
15833
87597
44400
48558
53178
55026
27614
42860
78511
11829
79666
36161
85980
15910
62495
54410
40011
18297
52408
29539
18605
11598
84594
11752
37932
13831
30232
75046
47865
16757
72890
26074
59877
27768
24919
59338
33543
82361
70272
17373
30848
66961
54718
31387
20684
68578
30386
78896
34929
53717
21839
70811
54564
22378
70503
13908
76663
58645
41397
26767
83516
46402
12830
28307
72967
81514
23610
78280
42167
67500
51715
42937
20607
22763
82207
26536
39010
56720
69964
56566
20530
41166
17835
72659
52870
60570
80667
37239
47326
60031
38009
58491
75431
62341
56951
15063
12368
77125
47095
84748
54949
57952
24688
23456
65729
13677
16911
47942
62803
51253
63573
52947
46171
41474
33081
69887
78126
60262
22147
82977
17065
12522
41936
51099
47711
20299
55488
69348
56181
22532
14601
85056
79974
69117
32003
70888
22686
23841
74276
65498
70657
47018
44323
49790
22224
40627
57336
34236
77818
40319
26459
57490
39703
34775
46325
28461
21685
16834
60339
30155
24149
46633
49482
32465
73429
75662
83901
54333
31233
61186
61956
25997
56335
46556
80590
35930
27922
56643
81745
42398
66576
21377
38625
76355
54102
30309
80282
73968
34390
66114
23918
69733
78742
28230
13985
19144
48096
67577
30540
57567
63342
36007
73506
60185
50637
44554
34082
39549
81129
85364
75123
27229
45863
50868
67731
57413
29385
44092
52562
73044
39626
36469
79589
78665
46479
31079
64035
44246
59646
25843
54872
14447
64266
12907
50252
65267
62110
66037
80205
64959
73660
85826
78588
85749
46710
33697
26305
75970
61648
60878
64497
48789
35237
24765
26228
14293
78434
48173
33004
76586
50791
34621
52639
28538
83978
38702
28923
41320
33389
69271
71427
18759
86981
35776
55950
71196
87443
75508
73891
49559
84055
43784
70580
68732
26382
77587
76047
34313
32696
20992
52177
17989
82284
78049
63881
52485
25458
65575
58799
76894
69579
84979
51484
29231
60647
74969
50945
53640
88136
42090
17912
16141
77664
79897
23302
13292
21454
68039
29924
23379
81899
67115
54179
86519
29770
31464
29847
44015
58337
24226
44477
49097
16526
56104
68809
39241
51561
63188
53409
35006
50098
30463
34698
30925
16064
11521
80744
37085
31926
36623
82746
13215
24611
36700
81206
40088
48404
84132
17219
15294
32542
65960
32927
48635
47557
18682
36238
42244
81976
42706
59415
35699
75816
44631
14678
73814
38548
77279
20838
64189
22301
56027
65036
81283
74815
77356
46787
74661
71504
67038
80513
64574
87905
13138
83285
53563
33466
26844
11906
69040
42552
31695
51022
13369
31002
67962
33235
58414
43091
34852
77895
59107
66730
37547
55873
38933
20376
63111
87982
55796
86057
65883
24534
62264
13446
86827
51869
87751
47403
21608
62726
45093
24842
42475
12753
74738
33928
43476
67654
42321
57798
20761
71658
49713
82592
58568
87058
82438
12984
84517
21223
50483
14909
43630
74430
76201
49251
86442
86211
38471
12599
83593
19375
35391
64805
70965
61263
52023
35545
63496
54641
39164
38856
69194
43938
70195
80359
36392
15371
20453
81052
28615
63804
27537
74199
19529
12137
45786
76124
41705
17681
44785
16449
63727
46864
61571
43861
32773
70734
54487
41551
45170
26690
21300
66499
38240
12445
45324
70349
29077
49020
30771
42013
41243
61802
36546
45940
40396
42783
49944
18990
53024
22070
87212
74122
28769
85287
75277
13523
45401
87674
30001
49405
80821
83670
51330
66345
63419
26613
72505
15679
79050
67346
22609
71042
76432
85441
66807
47634
55411
25150
53948
53794
15217
37778
78819
84902
38086
27075
79435
88059
83439
18451
17296
15525
58953
73352
35083
83208
85210
52793
25689
18836
87135
40858
85518
18066
76971
18374
51638
37008
24380
17604
79358
34467
38317
38779
40781
18528
82823
86596
41628
12060
57644
59261
83824
75354
58260
67192
63034
65652
61725
17450
66191
69656
65190
74507
82669
62572
28692
54025
81360
72582
15756
60416
36854
52716
81437
20068
32080
45247
80436
83362
19991
68424
40704
32234
24996
46017
39395
27306
62957
82900
76740
46094
44939
56412
39857
74353
79820
58722
72428
57721
19067
40165
50406
74584
65806
45555
37470
43707
76509
63958
23687
20145
67808
25073
21146
64420
41859
44862
40935
43399
85903
33312
23225
77433
34544
76817
47172
48250
38394
67269
14986
27999
53486
64343
56489
25612
71735
19606
68193
58183
87289
43245
28846
79204
72736
33620
60801
50329
59492
84671
84440
26998
50560
53255
19298
15140
55180
56258
68963
68347
71889
72043
28153
21762
18143
41782
71812
13061
78973
46248
23148
15987
80051
14832
59954
33158
19760
64651
31618
48943
72813
36084
59723
38163
57875
68886
57182
53871
60724
87366
51407
85672
52100
64112
58029
11675
61494
53332
72351
73583
19914
80898
79281
62880
29462
71119
24072
48866
20915
51176
32619
36315
66422
26151
26921
59030
32157
84209
77510
87828
47249
64728
30078
70041
67885
37162
33851
45709
24457
55103
39472
27460
49867
23533
35853
55642
37393
83747
75200
40550
61032
25766
83131
62033
63265
61109
14370
20222
29154
53101
71273
14755
60108
68270
47480
33774
68655
16680
69425
35622
55719
11983
84363
58106
51946
22840
59569
18220
14062
39318
86904
82130
73737
62187
67423
30694
23764
74045
43553
62649
25381
11290
73121
81822
75893
66884
23071
16295
21916
35314
43014
57028
71350
12676
55565
52331
31310
11444
70118
13754
18913
25227
74892
31849
21069
66268
19837
83054
27152
50021
41012
54795
79127
73275
11213
84825
37316
86134
31772
45478
50714
12214
75585
16218
57105
12291
76278
48712
29616
65113
13600
71581
59184
21531
14524
61417
34159
52254
15602
34005
86750
42629
77048
36931
69810
80975
45632
70426
25304
39934
22917
17527
77202
31156
19221
59800
84286
85595
44708
25920
65344
73198
65421
87520
68116
19683
22994
35160
47788
85133
31541
55334
16372
46941
39087
79743
15448
45016
72274
57259
16603
48327
81668
61879