16950 76700 1300 970
9250 46360 4280 1650
3370 70150 2690 430
5170 5470 1540 2720
5210 30100 1310 2230
350 84310 760 370
13700 31590 3600 3640
17050 78420 2860 460
15750 42990 3020 3310
8080 41050 4920 3720
850 5940 4140 3890
14890 52210 1380 1330
1850 61870 4920 3960
1530 56960 3570 3760
9420 69800 2890 2040
6070 77750 4060 2360
12790 82400 330 4660
5640 66360 3820 2040
1410 97920 3190 1820
12990 6180 3380 480
13750 81580 1860 3820
6240 44870 3990 670
13360 63310 3630 1330
7140 24040 3790 4210
1440 75340 5000 3460
7510 30730 2640 3180
13440 39950 1600 1160
2840 41050 2490 730
15080 16820 2090 2080
12220 75280 2430 1890
17910 86320 880 1030
11220 54620 2890 1440
6590 36620 3020 1520
11680 65850 1170 850
2000 65330 2930 1360
6120 23420 3940 3550
15580 74970 2480 1270
5960 76920 3290 1030
6550 74280 260 4580
12560 26710 3080 3380
6360 60780 1340 2250
5470 39850 4160 3760
5350 92480 4430 3180
6760 96060 4600 3650
11030 97020 770 2980
4450 84010 1430 2700
3420 29130 2770 3990
7590 54510 3590 4420
6400 71960 1500 1040
6600 52540 3400 1260
8820 13010 3550 1950
830 82100 3810 1010
7660 45220 2180 1520
15990 43060 4010 1620
8570 47210 380 2420
90 20760 3710 2820
190 15830 3940 4440
4080 49580 2270 1930
14010 96040 1980 3960
16340 80460 2830 780
11820 93810 4040 420
5400 73850 3400 4870
8940 72930 4630 3060
9640 71770 1290 3370
2030 7440 2400 2550
7710 57050 310 460
13350 76640 750 2190
5420 72080 1140 2110
250 11180 1750 4200
6880 64870 4180 3410
8200 83900 2850 1650
1840 67570 4940 2260
4370 77010 690 4220
10600 76670 1740 3500
940 62650 3920 1290
10960 96030 4720 3970
16590 30250 1210 3540
17480 47290 2520 4750
10770 90310 4500 3080
4860 26350 3970 4500
3740 77990 1110 1620
14810 3430 1230 4300
3990 2380 1170 3080
3310 32830 4190 4030
11490 13520 1990 4370
15770 96160 880 3840
15140 64370 3210 1530
1040 17620 2850 4700
3690 45630 420 4160
5250 56800 4750 2360
8580 92600 1130 4960
4160 1670 2320 680
8030 28030 4940 2830
4510 63910 520 4670
10510 53510 4060 4800
1830 56400 2530 3970
1080 87770 2220 1180
7100 3780 1170 4940
5580 95850 3780 1130
5170 47810 470 1570
16990 95130 1000 680
12130 44990 770 320
17820 14910 2180 2220
5350 22000 2210 4620
11990 62700 1810 1300
15730 52650 4270 3500
7970 66130 250 1060
11180 74900 3160 2420
10990 11850 4910 4580
14120 51710 550 4190
2610 97810 1220 2190
11740 38490 400 1080
5200 29080 3680 1560
9990 21270 490 2410
2010 57060 790 440
14420 26080 2730 470
16580 84120 240 1630
7990 76940 2480 4770
16160 29350 2350 4060
4560 87060 3480 1260
12690 14920 900 1170
1760 97220 900 2780
2420 42270 4270 1740
10490 28840 4260 2370
920 66460 390 3790
7320 63880 560 3010
5250 53260 1210 3480
4170 53390 3900 3140
6910 93410 3120 4720
11110 47400 1040 2880
10680 76900 1150 2320
7230 11290 1990 3810
5670 30360 3100 890
11350 28200 2770 3380
16050 48910 3430 1850
5580 36790 3910 1420
660 74500 1010 2270
260 5560 4180 1750
15620 31350 2410 2910
6430 94880 3220 620
2780 58790 2070 4740
1310 83210 2000 3580
9030 27050 3530 2450
4520 10790 720 3120
12170 70650 810 3450
2480 19580 1530 1650
11590 50350 3330 1570
820 96330 3190 1140
17670 73600 1320 2080
4190 78430 3920 2430
12030 60930 2100 890
1300 90940 4750 1190
4640 95700 200 360
11390 51590 2340 3100
1400 30340 4180 4060
1960 48870 4190 2960
5530 74300 3350 2070
8140 24090 4130 440
11730 84290 3390 4150
11940 37640 300 1340
9370 71610 2640 1570
5830 850 1710 560
12840 26800 4450 590
10550 2630 770 3350
10430 11790 4680 3140
390 86580 770 2280
12260 84820 2560 4970
9900 30500 1080 4160
2980 85650 3020 680
3590 39990 3560 1280
60 20320 3000 4600
30 61450 310 4810
7500 64200 2250 4280
12490 34380 760 3780
1680 8640 2960 2820
3960 10140 4040 3290
8950 81800 1200 990
2050 40470 2030 2650
8490 3890 650 5000
12090 39040 3290 1030
2430 19230 3860 1520
11310 45230 3770 2410
2180 33560 2780 3210
12180 52040 370 4390
13140 17200 660 980
11560 70600 4620 1590
10360 9970 4250 4510
7990 57790 2030 360
3620 9220 3260 4720
14320 95050 990 4570
1150 58830 1290 1820
1290 97530 990 2170
620 17880 4440 500
7680 44850 1820 4800
17570 10830 2430 1540
15360 57700 1630 240
10300 46060 3760 870
13850 24820 3400 4600
60 29770 660 1280
14780 68650 380 4460
2520 11010 1810 3810
8160 94980 3810 4160
6100 68260 2060 700
5890 52050 3100 3170
17240 53630 2760 1190
9530 2570 290 1880
15770 36700 1380 1610
860 75160 2590 2580
2410 55130 4900 2150
5450 12680 4860 1860
11220 27920 1280 2080
2160 86960 2610 840
17940 30030 490 4640
12880 10360 2890 2290
12150 15550 350 2170
12250 78650 4480 2290
15290 65100 4060 3920
14950 12780 3800 3560
6270 76970 1410 830
4190 90110 1220 3410
5590 46890 720 4330
14850 61150 3060 600
15880 74010 4120 1880
17600 26710 2400 2480
11490 40140 5000 2930
1440 38110 570 2790
400 22980 3970 3240
4480 45130 4360 2240
17010 55350 2990 3950
16150 91330 3070 620
1390 75810 1740 2570
9540 72100 910 490
13860 85880 800 1640
5680 61760 3830 3590
1530 44370 1520 940
11020 90910 2490 1090
15030 18090 3900 1620
7440 78120 4780 1540
3350 59390 290 1270
50 6900 1940 210
1270 35690 4360 1010
6050 16720 4360 3200
8910 51320 4470 2470
16730 11610 880 3310
7900 92610 4360 3130
15680 7930 1710 3160
16620 81250 3380 4540
13080 45500 840 1700
10410 60030 4160 2880
6260 22550 3640 2020
9200 16550 2750 1360
17360 12940 2640 3900
6920 66330 2040 740
2440 39220 1940 4920
12670 35940 680 1180
9460 62670 810 3260
1660 6960 4910 2970
16860 77310 2090 4120
3670 49540 530 3420
2490 62500 4720 4620
13320 66570 3640 3190
16880 89780 240 1730
7890 50870 220 1080
15760 25460 2190 2580
16640 25740 3360 3970
17270 78900 2730 3110
0 70250 4700 4470
5740 86560 1880 3550
14320 87340 2490 2110
4440 8770 1740 2370
5720 95690 3420 2570
6500 8570 340 3360
13230 6860 3340 3220
1850 75820 2100 2630
1170 33680 3850 3650
10410 34890 3080 4910
15040 43500 4630 4140
8900 42150 3830 740
5700 25840 900 3550
16570 83560 390 1740
10160 73200 4900 2100
13350 32880 640 4020
13120 17590 3230 3730
16600 51530 1420 3020
3930 600 1810 1810
6580 15060 770 4810
10670 84670 1850 2140
15870 19610 3100 3610
7470 9070 1090 4900
9640 15080 4590 4100
13340 66520 890 1550
6570 96100 3230 2180
2990 43190 3980 4480
7460 19690 1160 1040
3930 84910 2050 3160
2200 3970 4810 4980
13510 32520 460 4760
6180 74970 2690 2860
7140 28020 3240 3640
4240 80300 1110 1620
2470 83990 3210 3880
5850 69870 1670 290
1170 26100 2510 360
14340 84440 2970 3640
2900 50760 3510 1920
12830 5730 1740 1760
9280 30790 2500 4480
4240 94430 2850 3260
8010 67250 3680 3560
6830 8970 4810 740
17610 94630 1940 1090
15230 97800 2990 2200
11940 73400 240 520
5140 2450 610 4970
13530 50730 4010 2890
11080 34140 4480 3620
3300 28170 2360 4280
15770 12360 4230 2040
6380 26370 1950 4120
1040 96630 270 800
190 60010 3680 4040
1230 19020 2600 2840
2040 9710 3320 3690
8350 69370 1240 960
7520 3330 2770 550
12260 87120 4910 1540
14230 8120 1500 1290
8050 91420 2720 4650
12050 45040 2170 1250
15870 54000 3490 4380
15700 37350 990 4550
9410 48430 3070 4340
12100 54300 650 530
16700 11200 480 4930
2420 95490 1730 3120
6610 1110 3290 3050
13180 91000 4540 770
9000 90640 3380 2730
9270 89270 3070 4640
14370 22650 3810 4960
9720 91490 1340 4780
5690 16460 1680 4890
1770 97410 3340 670
17480 28520 2520 1210
10110 28830 4550 4270
10700 73430 4850 880
8040 48710 4480 2370
1140 2210 3970 4050
3790 45570 4110 3330
1910 38410 2740 4060
6500 83680 2880 720
7570 26890 2610 2850
890 30260 4060 1260
11300 57750 3950 3830
15110 33750 3490 2410
17270 7850 2730 4480
6030 60440 1700 2280
7440 16400 3720 4680
5990 74770 3680 2740
11880 42550 350 3990
14220 75020 3340 1890
17790 44860 560 2610
740 85840 3600 3210
1390 32330 3620 1170
2900 76250 2920 2580
9230 72230 4080 3910
2110 57030 820 330
10860 93250 440 3990
8280 76690 2220 3030
13140 71710 4930 2200
1580 70920 3470 580
420 92310 1870 1580
3360 62350 570 600
6850 56910 1890 2910
16750 31190 2240 4700
17760 21760 2240 570
10060 18040 1200 390
4780 25180 2710 1060
13560 89980 460 2540
15770 48650 1890 700
9370 26160 1400 3530
8340 70940 2500 3890
4880 40140 4480 2700
14070 96230 3520 3180
9870 18310 3880 1780
10530 46090 2650 2190
8700 48350 4760 600
17810 72570 2190 2580
13150 54940 4790 2250
6280 35350 3600 1490
1360 81880 880 1430
17780 83140 1550 4790
7280 38500 3300 1470
9160 40910 1610 2400
8940 76980 3580 280
4430 67540 1660 1760
17960 7320 2040 3200
10600 24380 4160 600
5360 34490 4510 850
15100 15230 700 1830
6990 58670 1830 1990
14520 59180 2030 3600
570 76220 530 4130
11330 51700 1030 2530
4050 29580 4900 1290
16400 19420 1930 2150
15510 82860 2140 4920
10910 34000 1800 990
6700 73800 1550 980
12850 47160 4810 1010
1940 93330 4450 200
11590 5520 4600 2620
15170 47840 3040 240
15760 80730 1050 2340
16000 44460 1400 3260
12720 65190 2540 2330
3920 75560 580 1100
13650 60490 2890 1430
11180 83090 980 260
4360 89540 2410 2000
11920 92740 2120 1500
16990 18780 2710 830
11870 81430 3040 2880
15530 49540 2370 3270
7950 3150 2860 4690
16650 3070 2810 1870
6420 64800 4860 910
16130 80530 3870 1320
12320 46480 4900 1040
2680 93530 2700 3010
17210 56320 2790 3990
970 14800 3030 4040
16130 69360 3780 1800
13930 73990 3800 4250
13680 61080 3390 2600
5370 28480 1120 1800
11300 2780 240 3440
7270 62830 2760 1200
15520 78630 4480 2960
7580 60260 830 4350
4400 52060 370 4660
12980 2700 700 2480
10540 44560 290 1370
17560 27720 2440 3230
12440 95270 780 970
5210 4080 3950 4400
12680 77960 330 2290
12480 11650 2730 4830
12790 69490 3530 460
1360 1160 3570 2450
16240 16310 1190 3480
13560 42490 2060 1340
11580 20440 240 2950
2480 50830 4070 880
12830 45460 4870 3200
15100 86670 2030 220
13820 13280 1300 1100
4840 12830 2620 3010
1910 62470 2920 3480
13170 44100 380 2380
5780 62420 1100 2130
13420 86870 1740 3990
3380 82950 1920 2120
8440 21860 4190 3870
14980 19200 4310 3650
10480 12660 4010 210
10710 13990 1840 4170
7710 44140 2690 3670
12960 72760 1970 1220
7780 50370 2930 2960
16170 43550 1030 1760
11130 2040 1610 1960
15970 11300 3020 2590
0 77360 1620 4950
4900 74440 420 3300
3080 34210 1040 3080
1900 11730 210 1370
2330 18150 360 1220
7450 16680 2530 2600
3570 4920 980 1810
17900 7380 2100 1090
12320 42530 3780 3900
13000 30220 1150 2330
9720 75580 2450 2400
3320 20970 1640 3480
12820 76560 3300 1740
2890 96720 1370 970
6670 59370 2410 2920
12380 86570 3540 540
13500 84390 4320 3940
14160 38970 1620 1620
13830 45220 3430 4100
12170 84110 3970 2460
16720 63780 3280 4280
7560 2070 4680 3010
12820 62980 450 1350
12240 78010 2490 1090
8630 87940 370 3100
12800 9810 650 3210
4580 73190 4720 2290
5100 18100 2350 2910
6250 60870 3600 2380
11930 61180 2060 2990
6480 45130 2690 4710
2390 60530 2170 1710
8440 45890 1050 3040
13080 36920 3930 4900
15830 32770 3920 4740
2500 73000 4700 4140
15730 4840 780 4330
5120 72450 2850 1690
14010 62960 4370 1850
9210 20540 620 3980
16260 18600 3740 4460
3050 80760 1120 3860
14330 26810 3090 2490
9860 13420 650 2190
13260 47320 4640 950
15130 96720 450 3280
8020 82140 1650 1650
4360 22830 1700 3180
12610 73000 970 3930
17650 35370 1820 530
1990 44480 1150 2360
6420 67450 910 4430
8290 16220 4100 3180
11790 5890 4380 240
3920 2130 4720 880
12800 33780 4330 2360
11870 18710 4180 4180
5940 91870 510 2290
7460 22950 650 640
14990 48940 210 3200
1570 79550 3650 4590
2870 61550 4130 4110
11140 29920 690 1720
14660 70530 440 1230
8710 18740 4560 2960
8240 95130 1540 3010
2880 47410 4830 4330
7580 44400 530 1960
9350 12150 4010 2870
14830 47440 2270 2100
17240 18790 2440 1020
4910 56420 4250 2880
3040 46710 1260 3870
17320 2050 2680 1680
5940 62310 2040 1290
9480 6030 1150 480
2930 28090 380 3930
3700 9130 2620 720
2710 37440 4630 1480
3160 85610 1830 1920
17910 16680 2090 1360
16790 51440 3210 4050
14240 7070 4660 4920
6220 33270 1220 3390
11680 82700 910 790
16440 72650 3560 2660
12530 30030 1470 200
10970 46310 1160 4910
2640 21400 2770 1210
7710 75330 1230 2240
4130 10280 2100 4700
13890 18840 1780 2780
5820 25930 3510 4050
14490 70520 4630 990
5990 94580 740 4830
15920 95800 2280 790
13370 87210 2820 3520
5610 42310 3600 4530
1390 65670 1420 4070
7510 63610 2110 2740
5440 9310 2520 1700
8450 65900 4790 3750
520 43220 3970 3980
4630 96300 1430 3390
7800 28630 1300 1890
10710 44180 1600 3890
8880 57840 3820 3380
1560 71390 1800 3920
17210 5230 2790 4960
15460 77980 2410 1300
7330 80950 3350 840
3720 24090 4300 2410
16290 53550 3590 3600
780 40560 3230 4570
6130 89810 2490 4220
7160 84970 2390 2100
5650 46110 4640 1240
13870 82320 1050 700
10650 36150 1690 2680
5450 72220 2250 3700
15420 41010 4580 3770
11290 91960 2470 830
6350 27470 670 3610
14830 30880 3420 460
7210 77810 2970 3130
8340 81480 3650 760
3980 85610 2220 3930
13510 22320 3860 1520
8070 81190 320 4200
2200 65650 1660 4450
12740 78400 4590 2130
9830 60220 2950 2210
1140 1330 2030 2630
12320 42560 3570 1550
8810 54060 3730 2620
16410 53260 680 1130
3290 44510 820 2120
10030 9700 1580 1880
1340 87080 3640 1240
13000 78510 3590 4890
3930 230 3010 640
17010 69300 2710 760
12950 67180 990 2590
11070 75690 3770 3880
15210 16280 2330 1530
11630 85690 4740 2090
2620 84440 4510 410
8410 7240 3770 1260
6740 45630 2260 300
13800 37650 4420 2260
5410 65630 3560 1800
8130 44660 3880 1500
13810 55530 3580 1230
5560 57040 4480 1860
10830 4530 310 770
14440 15830 1810 1160
14790 5770 490 4160
6570 89930 4370 4920
9870 53670 4960 300
9060 13090 4120 4810
4610 54280 3720 2190
15320 36700 2750 3990
3110 93400 3420 2140
6470 29010 3440 260
11810 95880 1560 3460
1000 20890 3970 3770
12620 15350 790 2600
1680 77080 2980 2690
17720 3620 1440 3610
920 14550 4490 4500
10350 41140 2910 2080
3870 1000 1900 3460
15030 9420 3030 1510
5130 80210 2270 3740
0 4570 340 2800
16080 90970 2060 1080
11790 51910 1240 2230
13500 27850 4670 3190
6070 51760 2690 2310
12250 14670 2580 2010
15400 3400 4130 1200
15900 89650 4100 3040
11420 41380 3510 4580
9900 57700 3920 2840
6470 53190 2060 2400
4820 10350 2050 2410
4180 67520 3530 1660
8680 31950 3700 870
17230 82900 2160 3120
13030 32090 2370 4460
17290 68430 1510 880
17020 95600 2980 1770
5950 44100 4860 3190
5630 35520 1810 1710
9930 82360 3850 2890
3250 24410 3220 590
3950 79040 820 540
2060 18480 1470 2560
16390 8760 470 4670
9550 15620 1780 4760
7850 68520 1110 1750
10690 18530 2230 3010
17480 11630 1770 1750
5440 84750 1060 650
7490 6220 2190 2730
1090 75680 3230 4530
9250 37420 880 2780
14670 26890 830 3280
14120 54080 910 2220
3240 13500 4410 2180
3760 92950 2140 1630
3050 28810 3900 1320
7790 84990 990 3330
14400 97840 460 860
16090 41560 350 660
6320 22900 4740 4620
10260 46160 4450 2260
15250 14840 700 4410
7900 58660 2630 2780
1830 13110 2560 2080
1840 43240 2970 2740
12150 48430 1790 580
8990 9370 2790 320
16240 25100 2480 3970
5370 91370 1510 1520
8910 89970 2910 2540
16460 83690 3520 1200
3500 13820 4100 2300
4160 88940 2260 950
15340 55090 660 3290
16200 63060 990 2020
4610 7510 1800 2240
17110 22730 1660 4760
7850 73680 2810 200
4240 47870 4740 1120
17350 35740 2650 4790
8000 8180 4070 3620
16430 86560 3570 3460
660 88380 4340 2560
10440 26600 3440 1560
7510 12440 740 3640
2990 32390 4180 4820
9580 73050 3330 3960
12120 28890 3530 1960
4550 18390 990 3420
8030 58510 2810 580
560 46980 1560 2670
9310 82430 3750 4030
7310 88040 2630 4610
17160 70080 2840 3290
13770 77570 3400 4510
11420 41280 2790 2730
3930 35220 4450 1250
13010 15560 4930 2250
4790 8600 3290 600
6680 91270 4860 4770
4590 36780 3850 1780
1820 28460 480 740
12120 50960 1380 4140
11680 59260 1050 2880
13910 32570 1950 330
9860 1140 2810 4350
5570 97760 1250 2240
16380 60700 3620 1360
6960 68790 4340 430
13970 25030 360 260
5180 31150 1980 4330
2860 93830 4170 4680
7940 57830 1060 4050
17620 50220 2380 860
7750 17790 3470 2890
12650 42960 1220 1710
12410 22740 2210 1250
1710 45240 670 4950
750 72980 1320 4020
17910 55700 1890 4130
6470 22090 4340 3300
7730 20430 2520 4180
15760 1500 3720 1940
9060 80830 4070 480
8720 15020 1420 2400
10440 21070 3090 3710
2210 48100 4460 470
8100 82100 3020 1590
1780 67120 4010 1270
6260 44640 4200 1350
13510 65340 4200 3780
2070 83880 3180 2700
4650 85740 2620 4930
1290 51890 790 4590
15280 46880 790 3220
3460 79790 3220 3410
6380 470 1230 2150
13010 53890 2110 330
9870 9920 2450 2180
1350 3460 610 2780
15700 50020 790 3060
13570 93900 3030 1510
9680 75840 1930 3380
17930 28680 960 1340
17550 3540 2380 2840
2780 14570 3130 2690
8340 66000 1600 460
7590 97030 4480 2970
9730 89690 3240 790
10270 82420 350 1210
5410 83420 1120 4420
6080 24050 4920 2140
9220 85560 300 4260
11990 37120 2750 2680
6690 81040 2400 4280
3330 48290 1730 1640
800 82420 3850 1660
3000 17160 930 2670
11530 64170 2910 4910
9580 27290 3440 1700
7090 9700 370 1070
5890 97290 3770 2710
1630 80100 290 4390
8460 16340 4490 4880
3890 9970 770 3740
13650 54590 800 3950
15720 68090 3240 4820
12160 27750 770 930
14300 29310 1490 3600
14980 2560 2410 1530
8330 11500 370 4940
17560 7800 2440 990
16710 31410 2890 4580
14400 27410 2650 2790
10860 12630 4290 310
4810 84850 1520 2630
14080 87170 4810 1350
9260 64680 590 4750
4570 2180 4370 1900
670 26600 3080 1130
14710 91350 790 670
420 51640 1650 1080
15270 89220 2850 3260
570 34590 3210 4440
9050 48550 1060 3760
390 29390 1510 2420
11390 24420 3180 4840
11120 28550 3920 2010
8430 77890 4480 2120
2000 78630 260 2660
10060 85190 710 1180
17440 93680 2470 3150
1830 22970 1560 490
4640 30870 2280 3680
12320 73440 920 540
9040 13310 3640 4580
3100 3550 3440 600
4260 72480 2950 3610
17200 84170 1000 1860
8350 12510 800 1340
17820 64790 2180 2720
2800 71210 4150 4760
1210 81270 3220 3610
10650 46980 1010 4320
10310 66670 3000 770
16290 3490 2820 4000
6590 78080 1920 3380
9000 86870 3570 340
5530 30070 3710 4620
7190 82950 1850 500
1200 74110 2180 3960
70 5580 2710 2920
16090 29610 2060 1340
4030 55790 2740 1960
10520 79380 4690 910
5300 58290 1890 4880
16820 58590 3180 3680
17060 31680 2420 3560
13920 43640 4770 3300
14340 34680 3870 2610
15550 89680 4450 2010
14070 54170 2440 2940
6830 97720 780 1350
7700 91560 2300 2080
1650 74350 3640 880
4870 27640 4580 2460
8960 54460 1670 2360
17910 95550 520 3780
11980 23970 1380 2380
14200 94430 1290 1480
14790 3830 3810 1340
3910 76590 1400 2490
4250 35850 1950 2880
8650 35720 2790 4550
10770 1480 4080 1820
1870 55140 970 1430
16770 28720 3230 3010
8520 89960 4830 1900
4970 59140 2850 3590
5110 72330 3910 910
12810 19220 4720 3370
2320 14780 380 3480
9770 96390 3900 1550
2430 30480 3360 770
17310 83980 2690 3010
7500 31980 1630 4880
12820 61480 2810 4180
17030 60100 2970 3090
1410 38910 2550 5000
14650 42240 1340 3700
16460 11030 380 2140
17030 51940 1750 1390
6200 13470 1130 1170
7800 85310 3170 2220
2420 18560 2910 1310
10670 27850 1390 4220
2280 27060 3840 4410
3480 50540 2310 3860
15830 3560 3840 4330
5170 2350 1990 4230
15150 20890 4850 1820
2490 58740 3180 2970
12010 26560 2110 480
15110 20430 3580 1840
10760 11750 3730 560
800 72810 2470 470
4420 7110 2430 4060
3930 280 4230 1120
3050 91750 4730 4980
6040 55160 1870 2700
11340 56490 500 3320
1260 24250 3760 3940
11160 21830 3530 4130
13050 92870 1940 1520
13230 60390 1720 2130
4700 5730 1990 2610
10690 56460 3650 4400
10260 82700 3630 2970
9050 58280 2830 2470
2970 15560 1270 3870
4930 54100 1340 3050
8940 68040 430 380
14120 6380 3700 3120
14720 19040 3570 800
10590 28900 4260 3060
15650 64780 3940 4840
4860 10370 1220 1780
8930 41100 550 4020
2090 80390 3140 1750
3800 68560 2070 1700
1300 55110 3530 1400
15690 76700 2320 3390
16210 84110 280 1510
1470 66240 2920 2860
4150 8410 4180 5000
17260 96560 1050 370
10170 58270 3920 2970
16580 75600 1310 2120
4870 80140 3360 2500
4800 66210 790 2080
10610 66150 4080 1520
9470 11090 4210 3980
11830 84700 210 1680
13570 34250 3950 710
16340 32910 1300 4350
11010 86470 2180 630
15200 55440 940 2180
10070 20970 2230 4100
6720 22760 2290 670
930 16850 2190 3220
4050 95180 960 3150
14600 32550 1570 3070
14790 37520 370 4940
12840 49820 2380 3640
7680 84290 980 2450
1630 20020 260 3780
6800 14160 2810 1560
4410 51210 960 3550
9210 5840 2200 1530
4610 9500 3080 4390
3120 40190 580 3740
7200 68570 4760 4640
7800 97500 3490 2500
16970 48620 1490 4360
15980 20020 2460 4860
950 84670 3720 3580
16320 74230 3150 1590
14910 4270 2570 2670
14000 55410 4240 4080
12280 58620 1040 2590
13350 86090 3490 2050
10300 78050 290 3940
7330 35960 820 890
3580 45630 1630 1070
11380 43150 340 2860
6550 77320 1260 1430
12270 25150 1320 1790
11190 84560 1230 4110
4680 78510 1360 2890
17060 95870 1330 2700
13370 89720 1620 1520
14110 58910 2360 1240
2120 58620 440 4280
810 31710 2550 1310
4510 57630 3320 4830
9580 85520 2570 1530
14850 9680 2510 2400
2310 31420 580 530
14780 14010 4720 4310
11670 55560 3990 960
9620 24640 2110 4710
7670 49850 4550 4140
4560 28070 3340 4830
5920 26230 3970 730
16530 81240 1860 440
17960 39660 1320 1960
14660 40360 900 3540
6910 89560 680 2420
960 56840 4820 1840
16170 44570 890 2140
8120 93650 3360 570
9270 68280 2220 670
13080 10370 890 920
15540 35110 3790 3750
630 34090 4060 1180
15840 33940 330 1180
6550 35030 2500 4990
1100 7180 2810 3020
7600 33760 1560 850
11950 88640 2540 430
10230 26900 1490 4810